1.000000000000000000e+00,5.516302585601806641e-01,5.320622324943542480e-01,4.841905832290649414e-01,1.849244385957717896e-01,1.436993628740310669e-01,5.630620121955871582e-01,5.781618952751159668e-01,2.869468927383422852e-01,2.062683552503585815e-01,6.651878356933593750e-01,4.252647757530212402e-01,6.158862709999084473e-01,1.902418956160545349e-02,5.559194684028625488e-01,2.911588847637176514e-01,6.703169345855712891e-01,5.233716964721679688e-01,6.632272601127624512e-01,5.203373432159423828e-01,5.353751778602600098e-01,1.751034557819366455e-01,4.478971660137176514e-01,1.670826077461242676e-01,-2.285198718309402466e-01,-6.229135394096374512e-02,1.780955791473388672e-01,-3.397975862026214600e-02,6.567243933677673340e-01,4.971604645252227783e-01,3.200614750385284424e-01,2.943872809410095215e-01,5.187676548957824707e-01,4.168786704540252686e-01,9.769809246063232422e-02,1.672391295433044434e-01,-5.669339001178741455e-02,-2.831691205501556396e-01,3.279306739568710327e-02,3.068037331104278564e-01,2.569765150547027588e-01,2.581275701522827148e-01,5.205771923065185547e-01,5.687698125839233398e-01,1.970627903938293457e-02,3.061519265174865723e-01,3.558271229267120361e-01,1.934506297111511230e-01,-9.109754115343093872e-02,2.266783118247985840e-01,-1.113345399498939514e-01,1.595844477415084839e-01,2.444590181112289429e-01,3.668748140335083008e-01,2.203383445739746094e-01,3.129930198192596436e-01,7.852015495300292969e-01,6.331975460052490234e-01,5.150294303894042969e-01,3.468963801860809326e-01,6.997146606445312500e-01,3.532009124755859375e-01,7.456881403923034668e-01,3.630467355251312256e-01,2.073295265436172485e-01,1.214377507567405701e-01,1.847318112850189209e-01,6.521824002265930176e-02,4.443379938602447510e-01,3.953982889652252197e-01,3.696033060550689697e-01,4.165198802947998047e-01,3.619993329048156738e-01,4.494588077068328857e-01,-1.743089556694030762e-01,2.018308043479919434e-01,2.493236958980560303e-01,1.220751553773880005e-01,6.114703416824340820e-01,5.289614796638488770e-01,5.492358803749084473e-01,1.222986131906509399e-01,3.281764090061187744e-01,-1.454480737447738647e-01,2.338894456624984741e-01,9.967289119958877563e-02,-2.269406169652938843e-01,-1.840942651033401489e-01,5.668016523122787476e-02,3.465201854705810547e-01,2.385388016700744629e-01,2.168935090303421021e-01,3.607305288314819336e-01,-7.952633313834667206e-03,5.568809434771537781e-02,-3.842927515506744385e-01,2.492671459913253784e-01,-2.021682560443878174e-01,5.173481106758117676e-01,1.149312183260917664e-01,2.370507121086120605e-01,1.325918734073638916e-01,4.367201030254364014e-02,-1.671595424413681030e-01,-4.176271855831146240e-01,-2.104291021823883057e-01,2.861844003200531006e-01,-7.529496401548385620e-02,-4.883550107479095459e-03,-8.012206107378005981e-02,2.312272340059280396e-01,2.084942460060119629e-01,1.203219443559646606e-01,9.418660402297973633e-02,4.814801365137100220e-02,-6.850270926952362061e-02
5.516302585601806641e-01,1.000000000000000000e+00,2.807364761829376221e-01,1.455279141664505005e-01,1.077392473816871643e-01,1.315558105707168579e-01,2.899527251720428467e-01,4.503957331180572510e-01,2.472578287124633789e-01,1.862593889236450195e-01,6.001719832420349121e-01,3.695932924747467041e-01,4.805896878242492676e-01,-1.225131601095199585e-01,5.262532830238342285e-01,2.076198309659957886e-01,7.824376225471496582e-01,8.014062047004699707e-01,7.279924154281616211e-01,6.953939199447631836e-01,4.441551268100738525e-01,3.195845056325197220e-03,4.293891787528991699e-01,1.705310791730880737e-01,-1.452147811651229858e-01,2.597272954881191254e-02,1.748975515365600586e-01,-8.700443059206008911e-02,6.366364955902099609e-01,6.514977812767028809e-01,8.376247435808181763e-02,1.465439498424530029e-01,3.258018195629119873e-01,4.060186743736267090e-01,-1.269224435091018677e-01,-1.597426533699035645e-01,-8.984182029962539673e-03,-4.545003771781921387e-01,9.979513287544250488e-02,-1.452281624078750610e-01,4.265896081924438477e-01,4.272303879261016846e-01,2.370401471853256226e-01,4.052848517894744873e-01,2.177594043314456940e-02,2.376042157411575317e-01,3.933780789375305176e-01,2.916446924209594727e-01,1.938153058290481567e-02,4.119040966033935547e-01,-1.222044602036476135e-01,3.057981431484222412e-01,2.746281027793884277e-01,2.446268498897552490e-01,2.627208232879638672e-01,2.096640318632125854e-01,6.604135036468505859e-01,8.178471326828002930e-01,4.443293809890747070e-01,5.302209854125976562e-01,5.418633818626403809e-01,8.724837563931941986e-03,6.918452382087707520e-01,1.136820688843727112e-01,-6.734255701303482056e-02,-2.138969302177429199e-01,1.212099641561508179e-01,-1.987125873565673828e-01,4.075390100479125977e-01,3.206571936607360840e-01,2.611502408981323242e-01,3.938272297382354736e-01,3.775538802146911621e-01,5.194916725158691406e-01,-1.673142462968826294e-01,2.672527134418487549e-01,1.147250607609748840e-01,3.958404809236526489e-02,6.707946062088012695e-01,7.064657211303710938e-01,4.473313987255096436e-01,-5.293529108166694641e-02,6.181813478469848633e-01,1.776713319122791290e-02,1.516492813825607300e-01,-1.229967176914215088e-01,-2.386637330055236816e-01,-7.663199305534362793e-02,1.266546249389648438e-01,2.245494872331619263e-01,3.162089288234710693e-01,2.877311110496520996e-01,3.048643171787261963e-01,4.805207625031471252e-02,1.997333914041519165e-01,-4.456863105297088623e-01,1.732512712478637695e-01,-2.732784748077392578e-01,6.206966042518615723e-01,2.641196548938751221e-01,1.222818493843078613e-01,-5.145067349076271057e-02,-6.731028854846954346e-02,-8.903741836547851562e-02,-4.851908683776855469e-01,-2.511986792087554932e-01,8.526003360748291016e-02,-5.409842357039451599e-02,1.048763394355773926e-01,-2.096194028854370117e-01,1.449288725852966309e-01,1.062256544828414917e-01,1.859826743602752686e-01,-3.448465093970298767e-02,1.401677131652832031e-01,-2.460642307996749878e-01
5.320622324943542480e-01,2.807364761829376221e-01,1.000000000000000000e+00,6.949493288993835449e-01,4.402440488338470459e-01,6.118538789451122284e-03,6.237670779228210449e-01,3.855074048042297363e-01,4.479475617408752441e-01,-1.374106947332620621e-02,3.743495941162109375e-01,3.336460590362548828e-01,5.684794187545776367e-01,2.009621858596801758e-01,6.140993237495422363e-01,2.690552175045013428e-01,2.693695127964019775e-01,1.973940134048461914e-01,5.729380846023559570e-01,3.790625929832458496e-01,4.059956073760986328e-01,3.644184768199920654e-01,5.984249711036682129e-01,3.703652024269104004e-01,-9.318744763731956482e-03,-2.249682880938053131e-02,4.029566943645477295e-01,3.581323027610778809e-01,2.476140111684799194e-01,1.184034496545791626e-01,3.545385897159576416e-01,2.514294981956481934e-01,5.718463659286499023e-01,4.665659964084625244e-01,4.395247995853424072e-01,3.134787678718566895e-01,6.749004125595092773e-02,-1.697221994400024414e-01,1.757377535104751587e-01,2.623368501663208008e-01,2.538576424121856689e-01,-3.059893613681197166e-03,3.944208621978759766e-01,4.382814466953277588e-01,1.650869548320770264e-01,4.434251487255096436e-01,3.113806247711181641e-01,2.459206432104110718e-01,2.029387205839157104e-01,5.298238396644592285e-01,3.567047119140625000e-01,4.154509603977203369e-01,4.354595243930816650e-01,5.519151091575622559e-01,2.922410666942596436e-01,4.865640699863433838e-01,3.732358217239379883e-01,3.498681187629699707e-01,5.271004438400268555e-01,4.182099401950836182e-01,4.239409267902374268e-01,4.992569983005523682e-01,3.145894408226013184e-01,3.968563675880432129e-01,5.427631139755249023e-01,4.371088743209838867e-01,4.180473983287811279e-01,3.766688406467437744e-01,4.355146586894989014e-01,5.024939179420471191e-01,4.764361679553985596e-01,4.482485353946685791e-01,4.461924135684967041e-01,3.523513376712799072e-01,2.026820555329322815e-02,9.021142125129699707e-02,3.463191688060760498e-01,2.119168341159820557e-01,2.550262510776519775e-01,2.708862721920013428e-01,3.779743909835815430e-01,4.741230010986328125e-01,3.704371452331542969e-01,2.222691029310226440e-01,6.112401485443115234e-01,5.435376167297363281e-01,-4.180138930678367615e-02,2.322964519262313843e-01,1.474448740482330322e-01,5.444875359535217285e-01,2.488987445831298828e-01,3.496086895465850830e-01,2.962014377117156982e-01,4.176440834999084473e-01,2.504211105406284332e-02,-1.134488806128501892e-01,9.132953733205795288e-02,-1.070341542363166809e-01,2.743252515792846680e-01,1.799574494361877441e-01,2.103387191891670227e-02,4.777157306671142578e-02,2.907204031944274902e-01,8.844136446714401245e-02,-3.619501292705535889e-01,-9.932407736778259277e-02,2.974219806492328644e-02,6.305986084043979645e-03,-3.184796869754791260e-02,-1.107143145054578781e-02,1.676848828792572021e-01,5.902402475476264954e-02,2.294676750898361206e-01,1.240690425038337708e-01,4.011403396725654602e-02,-6.223115697503089905e-02
4.841905832290649414e-01,1.455279141664505005e-01,6.949493288993835449e-01,1.000000000000000000e+00,2.877228558063507080e-01,7.153234630823135376e-02,5.008635520935058594e-01,4.529275000095367432e-01,4.240942299365997314e-01,1.158539801836013794e-01,4.145075380802154541e-01,4.616310000419616699e-01,4.997733533382415771e-01,3.272286057472229004e-01,4.463550746440887451e-01,3.661727905273437500e-01,2.138478010892868042e-01,1.635183393955230713e-01,4.841972887516021729e-01,4.297141730785369873e-01,4.503684937953948975e-01,3.869323730468750000e-01,5.570389628410339355e-01,4.270124435424804688e-01,-6.303547322750091553e-02,-1.729107461869716644e-02,2.206861823797225952e-01,2.077715247869491577e-01,2.615987062454223633e-01,1.199912279844284058e-01,4.627595841884613037e-01,4.263232946395874023e-01,5.224313735961914062e-01,5.051525235176086426e-01,3.283450305461883545e-01,3.390844166278839111e-01,-1.276524215936660767e-01,-1.688488572835922241e-01,1.479991078376770020e-01,3.506429195404052734e-01,9.810695797204971313e-02,-1.167412474751472473e-01,3.472946584224700928e-01,4.015157818794250488e-01,1.174914762377738953e-01,4.229947030544281006e-01,1.866264492273330688e-01,1.467010527849197388e-01,2.076141238212585449e-01,4.607970118522644043e-01,4.165042042732238770e-01,3.904372453689575195e-01,3.815515935420989990e-01,4.455198943614959717e-01,3.376318514347076416e-01,4.623342752456665039e-01,3.300831317901611328e-01,1.980466544628143311e-01,4.060125350952148438e-01,3.268497586250305176e-01,3.327982723712921143e-01,6.026496887207031250e-01,2.775086164474487305e-01,5.104293823242187500e-01,4.176878333091735840e-01,4.979063272476196289e-01,3.638695478439331055e-01,4.697431921958923340e-01,3.409399986267089844e-01,4.722269475460052490e-01,6.229017376899719238e-01,4.933032691478729248e-01,5.265119075775146484e-01,3.766685128211975098e-01,-3.066258318722248077e-02,1.313260793685913086e-01,3.996032476425170898e-01,3.232433795928955078e-01,3.865541219711303711e-01,2.345173656940460205e-01,3.504389822483062744e-01,4.775300621986389160e-01,1.413215547800064087e-01,1.066209748387336731e-01,6.240621805191040039e-01,5.194714069366455078e-01,-1.154454573988914490e-01,1.300052404403686523e-01,2.876607179641723633e-01,4.235297441482543945e-01,2.297114282846450806e-01,2.348486930131912231e-01,1.939471513032913208e-01,2.106360495090484619e-01,-1.975514739751815796e-02,-1.280938535928726196e-01,-5.300177633762359619e-02,1.797777228057384491e-02,1.383266896009445190e-01,7.815790362656116486e-03,-8.889479562640190125e-03,7.038996368646621704e-02,3.017969727516174316e-01,1.103284657001495361e-01,-3.442441225051879883e-01,5.585947260260581970e-02,8.391224592924118042e-02,3.840637579560279846e-02,-5.161838233470916748e-02,-2.605402097105979919e-02,6.961661577224731445e-02,1.401634048670530319e-02,1.641333252191543579e-01,-1.020307838916778564e-01,-1.235373094677925110e-01,-2.465640157461166382e-01
1.849244385957717896e-01,1.077392473816871643e-01,4.402440488338470459e-01,2.877228558063507080e-01,1.000000000000000000e+00,4.146498739719390869e-01,3.731649816036224365e-01,7.396890968084335327e-02,7.391401529312133789e-01,1.605389565229415894e-01,1.001262292265892029e-01,4.197160005569458008e-01,2.205829769372940063e-01,2.352166920900344849e-01,2.986780703067779541e-01,3.898017406463623047e-01,4.209323227405548096e-02,1.478033512830734253e-01,3.327461779117584229e-01,1.606412380933761597e-01,1.104186326265335083e-01,1.809025257825851440e-01,5.860531330108642578e-01,5.818764567375183105e-01,7.034767270088195801e-01,4.993538558483123779e-01,6.651568412780761719e-01,4.311498999595642090e-01,1.175465583801269531e-01,5.411182716488838196e-02,1.604313701391220093e-01,8.857150375843048096e-02,2.905027270317077637e-01,1.087191179394721985e-01,2.912254035472869873e-01,1.545121222734451294e-01,4.072305858135223389e-01,1.768494695425033569e-01,3.367733955383300781e-01,-2.811909914016723633e-01,3.598795831203460693e-01,1.937864720821380615e-01,3.918310999870300293e-01,4.562976956367492676e-01,3.550795912742614746e-01,3.832562565803527832e-01,3.693749010562896729e-01,4.086427688598632812e-01,3.928103744983673096e-01,5.295674204826354980e-01,4.226650595664978027e-01,3.528209924697875977e-01,3.635452687740325928e-01,5.195239186286926270e-01,1.939399242401123047e-01,4.274146556854248047e-01,1.286403834819793701e-01,1.191408783197402954e-01,3.078986108303070068e-01,3.158583343029022217e-01,1.775558441877365112e-01,4.178527593612670898e-01,1.147379055619239807e-01,3.650047481060028076e-01,2.267051786184310913e-01,3.723506331443786621e-01,2.821624279022216797e-01,1.129472255706787109e-01,3.867800235748291016e-01,3.880135715007781982e-01,8.594916202127933502e-03,4.235360920429229736e-01,2.849818170070648193e-01,2.054738104343414307e-01,1.155937314033508301e-01,-1.561960875988006592e-01,9.702979773283004761e-02,3.858994245529174805e-01,5.852763727307319641e-02,1.618850082159042358e-01,-1.862760819494724274e-02,5.546737909317016602e-01,3.145617842674255371e-01,6.122304797172546387e-01,2.401643097400665283e-01,4.931421875953674316e-01,1.702630966901779175e-01,4.378138184547424316e-01,2.367481291294097900e-01,4.750203192234039307e-01,3.516836762428283691e-01,1.788891851902008057e-01,5.046812295913696289e-01,4.711206853389739990e-01,-3.719977661967277527e-02,5.980826448649168015e-03,-2.399808466434478760e-01,-5.872336402535438538e-02,1.232260316610336304e-01,3.358580768108367920e-01,-3.854532912373542786e-02,2.298656105995178223e-01,-1.323007978498935699e-02,1.016584411263465881e-01,-5.199687480926513672e-01,-9.335409849882125854e-02,-4.377653002738952637e-01,3.010874986648559570e-01,-1.127299070358276367e-01,-2.114858478307723999e-01,5.553017184138298035e-02,-1.079172492027282715e-01,6.311579048633575439e-02,1.135929524898529053e-01,2.870705910027027130e-02,-2.977455854415893555e-01
1.436993628740310669e-01,1.315558105707168579e-01,6.118538789451122284e-03,7.153234630823135376e-02,4.146498739719390869e-01,1.000000000000000000e+00,2.242326736450195312e-01,-5.725161358714103699e-02,3.297530412673950195e-01,3.795793056488037109e-01,1.860838383436203003e-02,1.880258768796920776e-01,6.210044771432876587e-02,1.154964640736579895e-01,1.590278297662734985e-01,4.786874353885650635e-01,2.380509376525878906e-01,2.774976193904876709e-01,2.021389752626419067e-01,2.272328436374664307e-01,2.021173536777496338e-01,1.976314336061477661e-01,4.252121448516845703e-01,5.522550940513610840e-01,4.914774894714355469e-01,7.782146930694580078e-01,5.409439802169799805e-01,2.903261780738830566e-01,2.002089917659759521e-01,8.622080087661743164e-02,1.620573550462722778e-01,2.048217505216598511e-01,1.429572552442550659e-01,5.729255080223083496e-02,-6.509429961442947388e-02,-8.219835907220840454e-02,3.070886731147766113e-01,-7.541565597057342529e-02,3.382856249809265137e-01,-1.199522167444229126e-01,1.093752086162567139e-01,3.950096964836120605e-01,4.183626472949981689e-01,3.231040537357330322e-01,2.538933753967285156e-01,1.970660239458084106e-01,3.247955739498138428e-01,3.294281661510467529e-01,2.040102630853652954e-01,2.024535536766052246e-01,1.014715358614921570e-01,9.670957177877426147e-02,1.479630768299102783e-01,2.014335989952087402e-01,6.684966385364532471e-02,2.605881690979003906e-01,1.852774322032928467e-01,1.723213046789169312e-01,4.546230658888816833e-02,-2.499042265117168427e-02,1.368018239736557007e-01,7.809054106473922729e-02,2.187573313713073730e-01,7.612335029989480972e-03,7.220236212015151978e-02,2.084179669618606567e-01,1.398564577102661133e-01,3.790273144841194153e-02,3.075897395610809326e-01,2.968206703662872314e-01,6.730712205171585083e-02,4.381820857524871826e-01,2.277270331978797913e-02,3.334532976150512695e-01,-1.211227923631668091e-01,1.721194088459014893e-01,2.025498636066913605e-02,1.145834848284721375e-01,2.802356183528900146e-01,2.450549006462097168e-01,6.125949323177337646e-02,1.254014670848846436e-01,7.221712172031402588e-02,1.094462424516677856e-01,2.323777414858341217e-02,1.590929478406906128e-01,-6.540381908416748047e-02,5.765228345990180969e-02,1.750690191984176636e-01,2.674203217029571533e-01,5.841638147830963135e-02,2.725275158882141113e-01,3.138138949871063232e-01,2.201747149229049683e-01,2.025408595800399780e-01,-1.665692217648029327e-02,2.324267029762268066e-01,-7.511036098003387451e-02,1.861151754856109619e-01,3.036682307720184326e-01,1.279175728559494019e-01,4.959741979837417603e-02,3.534239716827869415e-03,-2.320240736007690430e-01,-2.667197585105895996e-01,-1.859735697507858276e-01,-2.401856482028961182e-01,2.950472235679626465e-01,8.210019767284393311e-02,4.356357827782630920e-02,1.993165910243988037e-01,-2.497750148177146912e-02,9.734909236431121826e-02,3.940051421523094177e-02,1.026023365557193756e-02,-2.751113846898078918e-03
5.630620121955871582e-01,2.899527251720428467e-01,6.237670779228210449e-01,5.008635520935058594e-01,3.731649816036224365e-01,2.242326736450195312e-01,1.000000000000000000e+00,6.016691923141479492e-01,3.687636256217956543e-01,3.120400905609130859e-01,5.704847574234008789e-01,4.778700768947601318e-01,7.167841792106628418e-01,1.850993037223815918e-01,5.972095727920532227e-01,1.599368751049041748e-01,4.007310271263122559e-01,2.942862212657928467e-01,3.870902359485626221e-01,2.998108565807342529e-01,5.160884261131286621e-01,4.351846277713775635e-01,5.924343466758728027e-01,2.894093096256256104e-01,-2.046353649348020554e-03,2.455730140209197998e-01,2.918420135974884033e-01,6.693942844867706299e-02,4.281929731369018555e-01,1.277559399604797363e-01,3.947830498218536377e-01,2.748616635799407959e-01,7.709082365036010742e-01,6.583151221275329590e-01,4.696111083030700684e-01,4.017763435840606689e-01,1.563379019498825073e-01,-1.573918908834457397e-01,-2.278393693268299103e-02,2.950071990489959717e-01,1.219060793519020081e-01,2.254278659820556641e-01,6.618597507476806641e-01,6.354755163192749023e-01,1.814561635255813599e-01,5.988669991493225098e-01,3.512338995933532715e-01,2.307158112525939941e-01,5.905121564865112305e-02,4.309629499912261963e-01,3.213281631469726562e-01,4.118359088897705078e-01,1.569759994745254517e-01,4.198264479637145996e-01,5.820038542151451111e-02,4.750313162803649902e-01,4.218502938747406006e-01,4.071511030197143555e-01,5.256286263465881348e-01,3.663195073604583740e-01,6.427263617515563965e-01,5.364291071891784668e-01,4.551979601383209229e-01,3.388681411743164062e-01,6.602513194084167480e-01,6.307014822959899902e-01,4.730291068553924561e-01,4.851871728897094727e-01,6.059056520462036133e-01,6.773056983947753906e-01,4.253805577754974365e-01,4.425470530986785889e-01,3.879178464412689209e-01,4.002025127410888672e-01,-2.933338470757007599e-02,1.268865615129470825e-01,2.611602246761322021e-01,2.008068859577178955e-01,4.217660725116729736e-01,3.849066793918609619e-01,4.484882652759552002e-01,3.673774003982543945e-01,4.267775639891624451e-02,1.330464184284210205e-01,3.528681397438049316e-01,5.561161637306213379e-01,-2.166840583086013794e-01,1.629734635353088379e-01,6.956350803375244141e-02,5.991684794425964355e-01,6.961107999086380005e-02,2.316100150346755981e-01,3.560828268527984619e-01,2.094679921865463257e-01,2.571543753147125244e-01,-9.338046424090862274e-03,2.712450027465820312e-01,-4.647179320454597473e-02,2.308925092220306396e-01,4.278227314352989197e-02,2.431893348693847656e-01,1.393468677997589111e-01,3.140069544315338135e-01,2.448077080771327019e-03,-6.063829660415649414e-01,-9.798095375299453735e-02,1.296750903129577637e-01,2.245763540267944336e-01,1.813662052154541016e-01,1.049984171986579895e-01,2.260007262229919434e-01,-1.131587699055671692e-01,4.353313893079757690e-02,2.796454429626464844e-01,1.376275569200515747e-01,-1.595716625452041626e-01
5.781618952751159668e-01,4.503957331180572510e-01,3.855074048042297363e-01,4.529275000095367432e-01,7.396890968084335327e-02,-5.725161358714103699e-02,6.016691923141479492e-01,1.000000000000000000e+00,2.726418375968933105e-01,5.218237638473510742e-01,6.565411090850830078e-01,5.393887162208557129e-01,6.227412819862365723e-01,1.258486509323120117e-01,5.579959750175476074e-01,1.783337742090225220e-01,4.638456404209136963e-01,4.502114653587341309e-01,4.751088917255401611e-01,4.347448348999023438e-01,4.823265671730041504e-01,2.231160700321197510e-01,4.470647275447845459e-01,1.353611331433057785e-02,-3.314680159091949463e-01,-1.585167795419692993e-01,1.485734898597002029e-02,-5.588368698954582214e-02,3.657023608684539795e-01,2.842029035091400146e-01,1.564218103885650635e-01,1.081502586603164673e-01,5.814242362976074219e-01,6.052586436271667480e-01,1.823077797889709473e-01,2.243980616331100464e-01,-2.180050611495971680e-01,-4.076404273509979248e-01,-6.605198979377746582e-02,2.482274174690246582e-01,1.156245246529579163e-01,7.771936804056167603e-02,3.676583170890808105e-01,4.843087494373321533e-01,2.726793987676501274e-03,3.268691599369049072e-01,2.744341194629669189e-01,1.515233963727951050e-01,9.060883894562721252e-03,3.434152603149414062e-01,1.483903080224990845e-01,4.285642206668853760e-01,2.448625117540359497e-01,2.439972013235092163e-01,2.562139332294464111e-01,3.093381822109222412e-01,5.068528056144714355e-01,4.387758076190948486e-01,5.714624524116516113e-01,5.591290593147277832e-01,6.660264134407043457e-01,4.567678570747375488e-01,5.118775963783264160e-01,3.348526358604431152e-01,3.316722810268402100e-01,2.498276233673095703e-01,3.012218475341796875e-01,2.270911484956741333e-01,5.617437362670898438e-01,5.781422257423400879e-01,4.466115534305572510e-01,4.071222245693206787e-01,3.583826124668121338e-01,3.231604099273681641e-01,-4.583548381924629211e-02,1.456831097602844238e-01,3.033603429794311523e-01,2.132111042737960815e-01,4.839568138122558594e-01,4.027233719825744629e-01,5.195305347442626953e-01,9.629242867231369019e-02,1.794509291648864746e-01,-7.160885259509086609e-03,3.111224472522735596e-01,1.077338010072708130e-01,-2.119894474744796753e-01,-1.344776004552841187e-01,1.854370832443237305e-01,3.051915466785430908e-01,2.775699496269226074e-01,1.674475520849227905e-01,3.669248819351196289e-01,-3.767875954508781433e-02,1.239117532968521118e-01,-3.445015847682952881e-01,1.621668785810470581e-01,-5.992079526185989380e-02,3.910144269466400146e-01,-1.896891556680202484e-02,3.413736820220947266e-01,3.738133981823921204e-02,1.801968067884445190e-01,8.418637514114379883e-02,-5.309163331985473633e-01,-1.116717979311943054e-01,9.651341289281845093e-02,-1.621453277766704559e-02,-7.211758289486169815e-03,-1.768207103013992310e-01,1.427108347415924072e-01,6.933996081352233887e-02,2.380684167146682739e-01,-2.527000941336154938e-02,-4.567898437380790710e-02,-3.246900737285614014e-01
2.869468927383422852e-01,2.472578287124633789e-01,4.479475617408752441e-01,4.240942299365997314e-01,7.391401529312133789e-01,3.297530412673950195e-01,3.687636256217956543e-01,2.726418375968933105e-01,1.000000000000000000e+00,3.663260638713836670e-01,2.912703156471252441e-01,5.448048710823059082e-01,3.438951373100280762e-01,3.459422588348388672e-01,3.701688349246978760e-01,5.000060200691223145e-01,1.037271916866302490e-01,2.246651500463485718e-01,4.595800340175628662e-01,3.057210147380828857e-01,6.129181385040283203e-02,3.500527143478393555e-02,6.713891029357910156e-01,6.170851588249206543e-01,5.386106967926025391e-01,4.080001711845397949e-01,4.837482571601867676e-01,2.305522263050079346e-01,1.743377298116683960e-01,2.222608327865600586e-01,3.887365162372589111e-01,2.523312568664550781e-01,3.169461190700531006e-01,2.231986224651336670e-01,2.161488980054855347e-01,-5.286244675517082214e-02,1.613932102918624878e-01,5.453842505812644958e-02,2.514620125293731689e-01,-2.383417934179306030e-01,3.011882901191711426e-01,1.786696463823318481e-01,2.880116701126098633e-01,4.600709080696105957e-01,4.075694084167480469e-01,3.767639100551605225e-01,2.046404480934143066e-01,2.278069406747817993e-01,5.194246768951416016e-01,5.663958787918090820e-01,3.756051957607269287e-01,3.636344671249389648e-01,3.481801748275756836e-01,3.593720793724060059e-01,2.386436611413955688e-01,3.130668699741363525e-01,2.141167223453521729e-01,2.018285244703292847e-01,2.984383702278137207e-01,3.413689732551574707e-01,2.076727300882339478e-01,4.948183000087738037e-01,1.895776093006134033e-01,5.012705922126770020e-01,2.180401086807250977e-01,3.481198251247406006e-01,1.588734388351440430e-01,3.670554608106613159e-02,3.215416669845581055e-01,3.742348849773406982e-01,2.911638021469116211e-01,5.743572115898132324e-01,4.420422017574310303e-01,3.030523657798767090e-01,1.103591620922088623e-01,-5.305662006139755249e-02,2.383137345314025879e-01,3.798820972442626953e-01,2.071546465158462524e-01,2.266310751438140869e-01,9.528131037950515747e-02,5.712553858757019043e-01,3.587663471698760986e-01,5.064118504524230957e-01,3.823628127574920654e-01,3.435354232788085938e-01,3.115317784249782562e-02,1.560488194227218628e-01,2.468391954898834229e-01,2.937427461147308350e-01,2.555361092090606689e-01,1.424049139022827148e-01,4.078003764152526855e-01,3.159146010875701904e-01,-1.440780460834503174e-01,-2.098330110311508179e-01,-3.710497319698333740e-01,-1.890989243984222412e-01,1.513669341802597046e-01,1.682315170764923096e-01,-5.481951311230659485e-02,6.469833850860595703e-02,-5.943654850125312805e-02,-5.684799700975418091e-02,-6.493549942970275879e-01,-1.615523993968963623e-01,-3.747510313987731934e-01,1.715633422136306763e-01,-1.931357383728027344e-01,-3.403908014297485352e-01,-1.834107190370559692e-01,-2.010765522718429565e-01,3.673059120774269104e-02,-1.007100716233253479e-01,2.126488462090492249e-02,-2.733164131641387939e-01
2.062683552503585815e-01,1.862593889236450195e-01,-1.374106947332620621e-02,1.158539801836013794e-01,1.605389565229415894e-01,3.795793056488037109e-01,3.120400905609130859e-01,5.218237638473510742e-01,3.663260638713836670e-01,1.000000000000000000e+00,3.078775107860565186e-01,3.578343689441680908e-01,1.950807869434356689e-01,2.186770290136337280e-01,4.129027426242828369e-01,4.885435700416564941e-01,2.636725306510925293e-01,3.528207242488861084e-01,2.483796775341033936e-01,3.237168788909912109e-01,2.103232443332672119e-01,5.366399511694908142e-02,3.373558819293975830e-01,1.173915639519691467e-01,1.170980334281921387e-01,3.664727210998535156e-01,2.278633117675781250e-01,1.464961841702461243e-02,1.562515050172805786e-01,1.472069323062896729e-01,8.462002128362655640e-02,-1.116333529353141785e-02,2.712637484073638916e-01,2.646284401416778564e-01,-6.195329502224922180e-02,-1.006080657243728638e-01,-1.662541627883911133e-01,-2.121296375989913940e-01,1.974316388368606567e-01,-6.704515218734741211e-02,4.054157529026269913e-03,4.347163066267967224e-02,2.988210022449493408e-01,4.021961987018585205e-01,2.796008810400962830e-02,1.574733704328536987e-01,2.280552536249160767e-01,1.216691434383392334e-01,1.489834487438201904e-01,1.947881132364273071e-01,1.196368187665939331e-01,2.562867999076843262e-01,2.882905006408691406e-01,8.691280335187911987e-02,2.528895735740661621e-01,2.244785279035568237e-01,3.040753304958343506e-01,1.869435161352157593e-01,3.301188647747039795e-01,2.410510927438735962e-01,4.107674062252044678e-01,2.198920994997024536e-01,3.444923758506774902e-01,7.364524900913238525e-02,3.749943897128105164e-02,4.867926985025405884e-02,1.371910870075225830e-01,2.989252284169197083e-02,4.881959259510040283e-01,4.415176510810852051e-01,1.725900769233703613e-01,4.706465005874633789e-01,1.619949787855148315e-01,1.792885363101959229e-01,-5.924233049154281616e-02,2.979399403557181358e-03,8.799199759960174561e-02,1.582155227661132812e-01,3.246003687381744385e-01,3.065533041954040527e-01,3.446074426174163818e-01,7.885056734085083008e-02,-5.482545495033264160e-02,1.380070298910140991e-02,2.544610761106014252e-02,-4.910310730338096619e-02,-2.046318948268890381e-01,-2.128355503082275391e-01,1.241385489702224731e-01,1.262825280427932739e-01,1.248658820986747742e-01,1.023222878575325012e-01,3.317189812660217285e-01,-1.743024215102195740e-02,-3.772487491369247437e-02,-2.630968391895294189e-01,6.224730610847473145e-02,-6.634975969791412354e-02,2.729712426662445068e-01,1.525395512580871582e-01,1.791946291923522949e-01,-1.149561405181884766e-01,1.814138144254684448e-02,-1.532271057367324829e-01,-3.488191962242126465e-01,-1.922900825738906860e-01,-2.099203467369079590e-01,2.313883043825626373e-02,-1.968167871236801147e-01,-2.389507740736007690e-01,3.721861541271209717e-02,-6.000088527798652649e-02,1.713364869356155396e-01,6.163723394274711609e-02,-1.260212808847427368e-01,-2.578247189521789551e-01
6.651878356933593750e-01,6.001719832420349121e-01,3.743495941162109375e-01,4.145075380802154541e-01,1.001262292265892029e-01,1.860838383436203003e-02,5.704847574234008789e-01,6.565411090850830078e-01,2.912703156471252441e-01,3.078775107860565186e-01,1.000000000000000000e+00,6.088836193084716797e-01,7.801059484481811523e-01,1.818359941244125366e-01,6.013075709342956543e-01,3.187951445579528809e-01,6.614968776702880859e-01,5.243417620658874512e-01,5.509442687034606934e-01,5.453044772148132324e-01,5.087085962295532227e-01,2.739755809307098389e-01,4.720452427864074707e-01,2.018595784902572632e-01,-3.077865839004516602e-01,-1.166463047266006470e-01,6.316035240888595581e-02,-1.376420408487319946e-01,6.851452589035034180e-01,5.340862274169921875e-01,4.516736268997192383e-01,4.344678521156311035e-01,4.760236144065856934e-01,5.377306342124938965e-01,-1.610933989286422729e-02,5.330716818571090698e-02,-1.170019507408142090e-01,-3.572072982788085938e-01,-2.407455146312713623e-01,1.429785341024398804e-01,1.247901916503906250e-01,3.476636707782745361e-01,3.528800606727600098e-01,4.261246025562286377e-01,-6.386297941207885742e-02,4.121921360492706299e-01,1.417974084615707397e-01,-6.496211886405944824e-02,-1.085191741585731506e-01,3.316605985164642334e-01,3.721528872847557068e-02,2.756785452365875244e-01,4.359166324138641357e-02,1.958380192518234253e-01,2.052823901176452637e-01,1.818392872810363770e-01,5.001124143600463867e-01,6.284458041191101074e-01,3.262404799461364746e-01,3.619561195373535156e-01,6.347258090972900391e-01,3.844927549362182617e-01,7.134856581687927246e-01,3.799787759780883789e-01,1.755402535200119019e-01,1.648192256689071655e-01,-3.181576356291770935e-02,-5.876982957124710083e-02,3.738787472248077393e-01,4.165682792663574219e-01,5.608512163162231445e-01,5.010561347007751465e-01,5.162205100059509277e-01,5.007994771003723145e-01,5.331537872552871704e-02,2.800258100032806396e-01,1.714390516281127930e-01,1.388942003250122070e-01,7.181753516197204590e-01,6.721742749214172363e-01,5.442304611206054688e-01,1.660527288913726807e-01,2.696772515773773193e-01,-5.142987892031669617e-02,2.718420624732971191e-01,9.636697918176651001e-02,-1.379214823246002197e-01,-2.159163057804107666e-01,8.629850298166275024e-02,2.107957899570465088e-01,7.795848697423934937e-02,-3.246034961193799973e-03,1.955428123474121094e-01,-1.183964759111404419e-01,3.266428112983703613e-01,-3.226102590560913086e-01,9.929455071687698364e-02,-6.175813078880310059e-02,2.522483766078948975e-01,-1.388760209083557129e-01,2.059668302536010742e-01,1.220894753932952881e-01,-4.898660629987716675e-02,2.808618545532226562e-02,-5.164964795112609863e-01,1.059213951230049133e-01,2.919939160346984863e-01,3.055934607982635498e-02,2.619993388652801514e-01,-1.221194863319396973e-02,-1.036976799368858337e-01,-1.006540432572364807e-01,-5.236587300896644592e-02,-5.036840215325355530e-02,2.681010961532592773e-01,-2.509661912918090820e-01
4.252647757530212402e-01,3.695932924747467041e-01,3.336460590362548828e-01,4.616310000419616699e-01,4.197160005569458008e-01,1.880258768796920776e-01,4.778700768947601318e-01,5.393887162208557129e-01,5.448048710823059082e-01,3.578343689441680908e-01,6.088836193084716797e-01,1.000000000000000000e+00,5.587112307548522949e-01,5.459522604942321777e-01,3.038153052330017090e-01,4.589708447456359863e-01,3.267087042331695557e-01,4.904433786869049072e-01,4.644314348697662354e-01,5.319027304649353027e-01,3.831088244915008545e-01,1.278549879789352417e-01,5.461664199829101562e-01,3.944003283977508545e-01,1.562274545431137085e-01,1.328553706407546997e-01,1.490882039070129395e-01,-4.535042122006416321e-02,4.419273138046264648e-01,4.483469426631927490e-01,4.663260281085968018e-01,4.812786281108856201e-01,3.768893480300903320e-01,4.702758789062500000e-01,7.472524046897888184e-02,1.192634850740432739e-01,-1.164181530475616455e-02,-1.692205667495727539e-01,-8.702415227890014648e-02,-1.568221300840377808e-01,5.985231697559356689e-02,1.366623491048812866e-01,3.004595041275024414e-01,4.213156104087829590e-01,1.938889473676681519e-01,4.265336990356445312e-01,1.546144783496856689e-01,6.472021341323852539e-03,2.836717665195465088e-01,3.959625065326690674e-01,1.853566765785217285e-01,2.245958298444747925e-01,9.419238567352294922e-02,3.113713860511779785e-01,2.242193520069122314e-01,2.250289767980575562e-01,2.795888781547546387e-01,3.558296263217926025e-01,1.792538762092590332e-01,2.720968127250671387e-01,3.291988372802734375e-01,5.572323203086853027e-01,3.719810545444488525e-01,6.818717122077941895e-01,1.075151264667510986e-01,3.263422846794128418e-01,-2.936530299484729767e-02,-2.230159752070903778e-02,3.388443589210510254e-01,5.064092278480529785e-01,4.290777444839477539e-01,5.534528493881225586e-01,4.768001735210418701e-01,4.694343805313110352e-01,7.818858325481414795e-02,1.799797862768173218e-01,2.909261286258697510e-01,4.721191823482513428e-01,4.457009434700012207e-01,4.840106964111328125e-01,2.729311287403106689e-01,5.547089576721191406e-01,1.188908666372299194e-01,3.879806399345397949e-01,1.903100907802581787e-01,2.740021944046020508e-01,4.370635375380516052e-02,4.515609517693519592e-02,5.526218190789222717e-02,2.902581691741943359e-01,5.247898027300834656e-02,-4.272142425179481506e-02,2.810114026069641113e-01,-1.593166776001453400e-02,1.871742904186248779e-01,-1.607849299907684326e-01,-2.226513773202896118e-01,4.603287577629089355e-02,5.765747651457786560e-02,-1.915150284767150879e-01,2.016276866197586060e-01,2.676919400691986084e-01,-6.869437545537948608e-02,6.079941615462303162e-02,-5.931583642959594727e-01,1.946930438280105591e-01,5.155131593346595764e-02,2.403298467397689819e-01,7.486192882061004639e-02,-1.232693567872047424e-01,-2.311656773090362549e-01,-3.439792692661285400e-01,-9.425523877143859863e-02,-1.964304149150848389e-01,8.606895804405212402e-02,-3.192785680294036865e-01
6.158862709999084473e-01,4.805896878242492676e-01,5.684794187545776367e-01,4.997733533382415771e-01,2.205829769372940063e-01,6.210044771432876587e-02,7.167841792106628418e-01,6.227412819862365723e-01,3.438951373100280762e-01,1.950807869434356689e-01,7.801059484481811523e-01,5.587112307548522949e-01,1.000000000000000000e+00,2.224830687046051025e-01,6.169059872627258301e-01,2.435588240623474121e-01,4.917647242546081543e-01,3.338419198989868164e-01,5.016358494758605957e-01,4.578787088394165039e-01,4.809865355491638184e-01,3.219104111194610596e-01,5.540633201599121094e-01,2.892056703567504883e-01,-2.311762124300003052e-01,-2.900598198175430298e-02,1.534887552261352539e-01,1.047907955944538116e-02,5.592033863067626953e-01,3.036428987979888916e-01,5.140928030014038086e-01,4.595959782600402832e-01,5.445502996444702148e-01,6.138452887535095215e-01,1.995423585176467896e-01,2.186315059661865234e-01,-1.808413490653038025e-02,-3.414541482925415039e-01,-2.140283882617950439e-01,1.693812310695648193e-01,6.312388181686401367e-02,2.378862798213958740e-01,5.031904578208923340e-01,5.046281814575195312e-01,9.722947329282760620e-02,5.858253836631774902e-01,2.201918512582778931e-01,5.401261523365974426e-02,-3.616831451654434204e-02,3.878600895404815674e-01,1.088080555200576782e-01,3.051452040672302246e-01,-2.224165759980678558e-02,3.066270947456359863e-01,6.589492410421371460e-02,2.707245647907257080e-01,4.024231135845184326e-01,4.690304994583129883e-01,3.105913698673248291e-01,3.194154500961303711e-01,5.339503884315490723e-01,4.397815167903900146e-01,5.079635381698608398e-01,3.051137924194335938e-01,4.769153594970703125e-01,4.241458475589752197e-01,1.451856493949890137e-01,1.916663199663162231e-01,3.898375928401947021e-01,4.763763546943664551e-01,5.083205103874206543e-01,4.142276048660278320e-01,4.985035657882690430e-01,4.410200715065002441e-01,1.490236967802047729e-01,2.596527934074401855e-01,2.163089513778686523e-01,1.974317431449890137e-01,5.562381148338317871e-01,5.477113723754882812e-01,4.187176525592803955e-01,2.650580406188964844e-01,2.291269153356552124e-01,6.454602628946304321e-02,3.690516352653503418e-01,3.113786280155181885e-01,-2.237437516450881958e-01,2.264738641679286957e-02,-4.074177239090204239e-03,3.964884579181671143e-01,3.287437185645103455e-02,5.642558261752128601e-02,2.869632244110107422e-01,-3.782955184578895569e-02,3.760462701320648193e-01,-2.456183284521102905e-01,1.809405684471130371e-01,1.475503318943083286e-03,1.653921455144882202e-01,-1.344493329524993896e-01,1.177036836743354797e-01,1.242991462349891663e-01,4.633128177374601364e-03,5.315412208437919617e-02,-5.184963941574096680e-01,6.412934511899948120e-02,2.092638909816741943e-01,1.141308471560478210e-01,3.258785307407379150e-01,9.678945690393447876e-02,3.528524562716484070e-02,-1.272705048322677612e-01,-1.702820695936679840e-02,-3.007374517619609833e-02,3.427585065364837646e-01,-1.021006852388381958e-01
