1.000000000000000000e+00,7.895502448081970215e-01,5.061752796173095703e-01,5.383329391479492188e-01,2.225380390882492065e-01,4.278434216976165771e-01,5.529942512512207031e-01,5.782045125961303711e-01,4.570886194705963135e-01,5.115138888359069824e-01,6.812700033187866211e-01,5.887630581855773926e-01,6.364405155181884766e-01,4.423920512199401855e-01,4.855805337429046631e-01,5.214583277702331543e-01,6.029092073440551758e-01,5.934147834777832031e-01,3.875365555286407471e-01,5.714718699455261230e-01,4.241198599338531494e-01,3.416923284530639648e-01,4.789128899574279785e-01,3.736060559749603271e-01,1.146739870309829712e-01,1.633946895599365234e-01,8.714263886213302612e-02,7.761509716510772705e-02,5.996540784835815430e-01,5.327484607696533203e-01,5.462056398391723633e-01,4.912052750587463379e-01,6.348476409912109375e-01,6.216061711311340332e-01,3.046121597290039062e-01,1.637594401836395264e-01,-8.500027470290660858e-04,-1.985243111848831177e-01,-1.574315279722213745e-01,1.691630333662033081e-01,9.502015262842178345e-02,3.825093805789947510e-01,4.905911982059478760e-01,3.060245215892791748e-01,2.759207487106323242e-01,3.066035211086273193e-01,5.313084721565246582e-01,2.628844380378723145e-01,2.707926928997039795e-01,3.453882038593292236e-01,3.727698624134063721e-01,3.346116840839385986e-01,4.629108905792236328e-01,4.084386527538299561e-01,1.267365068197250366e-01,3.599156439304351807e-01,6.424248814582824707e-01,6.697513461112976074e-01,5.066214799880981445e-01,3.317614197731018066e-01,6.614716053009033203e-01,5.321717858314514160e-01,6.042081117630004883e-01,5.112004876136779785e-01,3.234924077987670898e-01,2.867890298366546631e-01,2.787497937679290771e-01,4.276080727577209473e-01,4.510919153690338135e-01,4.621610343456268311e-01,5.347651839256286621e-01,5.793485641479492188e-01,5.674094557762145996e-01,6.003277301788330078e-01,2.232632786035537720e-01,2.193166762590408325e-01,3.280768990516662598e-01,5.702328085899353027e-01,5.952186584472656250e-01,5.508077740669250488e-01,6.276382803916931152e-01,6.151376366615295410e-01,2.935573458671569824e-01,2.786722183227539062e-01,5.545397400856018066e-01,5.721089243888854980e-01,-3.806468844413757324e-02,1.683926135301589966e-01,3.594241738319396973e-01,5.717087388038635254e-01,-1.670410484075546265e-01,2.278245054185390472e-02,-1.381487958133220673e-02,-2.549306489527225494e-02,3.161847963929176331e-02,-1.908948123455047607e-01,1.692678928375244141e-01,-3.069289401173591614e-02,1.844202727079391479e-01,5.145488679409027100e-02,6.161659583449363708e-02,-4.114888608455657959e-02,1.638199687004089355e-01,1.529238969087600708e-01,-4.503350853919982910e-01,5.665631592273712158e-02,-7.110790349543094635e-03,1.723254173994064331e-01,1.044838652014732361e-01,1.108271703124046326e-01,2.401738613843917847e-01,4.289315268397331238e-02,-2.306295186281204224e-02,5.403536930680274963e-02,2.754493057727813721e-02,-3.775839507579803467e-01
7.895502448081970215e-01,1.000000000000000000e+00,4.585531055927276611e-01,5.072446465492248535e-01,1.366664320230484009e-01,3.683978617191314697e-01,4.335268735885620117e-01,4.891178905963897705e-01,3.807432949542999268e-01,4.546627998352050781e-01,5.758638381958007812e-01,6.178652048110961914e-01,5.317946076393127441e-01,3.909972608089447021e-01,4.813617169857025146e-01,5.148470401763916016e-01,5.744066238403320312e-01,6.216984391212463379e-01,3.243866562843322754e-01,6.100023388862609863e-01,3.303220570087432861e-01,2.000125199556350708e-01,4.499538838863372803e-01,3.898571729660034180e-01,1.472203135490417480e-01,2.303597629070281982e-01,1.278532892465591431e-01,1.991015160456299782e-03,6.273370981216430664e-01,5.236234664916992188e-01,5.211951732635498047e-01,5.153181552886962891e-01,6.159092783927917480e-01,6.403953433036804199e-01,2.244301438331604004e-01,6.430219113826751709e-02,-4.025411605834960938e-02,-1.462151259183883667e-01,-1.184808686375617981e-01,1.665240526199340820e-01,1.278664171695709229e-01,3.717765212059020996e-01,3.988343179225921631e-01,2.951870560646057129e-01,1.263945847749710083e-01,2.837965488433837891e-01,4.473844766616821289e-01,1.858537495136260986e-01,1.085823774337768555e-01,4.415813684463500977e-01,3.034122586250305176e-01,3.731549382209777832e-01,4.802140295505523682e-01,3.923155069351196289e-01,2.789495587348937988e-01,4.138267636299133301e-01,6.841834783554077148e-01,7.510954737663269043e-01,5.826018452644348145e-01,4.434245824813842773e-01,6.434864997863769531e-01,5.943078994750976562e-01,5.004341006278991699e-01,4.889349937438964844e-01,2.451773136854171753e-01,3.381910920143127441e-01,1.579276174306869507e-01,3.552353680133819580e-01,4.982564449310302734e-01,4.641875326633453369e-01,5.307984948158264160e-01,5.833623409271240234e-01,6.520800590515136719e-01,6.762650012969970703e-01,2.442544549703598022e-01,2.636815607547760010e-01,1.570252627134323120e-01,4.908728897571563721e-01,5.908787846565246582e-01,5.689941644668579102e-01,6.203442811965942383e-01,5.631628036499023438e-01,2.888928055763244629e-01,2.974739372730255127e-01,5.107127428054809570e-01,5.358409285545349121e-01,6.414458155632019043e-02,2.350903749465942383e-01,4.158665537834167480e-01,5.703114271163940430e-01,-1.880819052457809448e-01,-4.245611652731895447e-02,-4.815436527132987976e-02,-3.760214522480964661e-02,1.601358875632286072e-02,-6.607836484909057617e-02,2.832255065441131592e-01,1.421881616115570068e-01,1.408868879079818726e-01,2.635095641016960144e-02,1.541615873575210571e-01,-9.105176478624343872e-02,2.213037461042404175e-01,8.672460913658142090e-02,-5.085984468460083008e-01,6.315019726753234863e-02,2.940749377012252808e-02,2.097325325012207031e-01,1.483515799045562744e-01,1.390186548233032227e-01,2.248273640871047974e-01,-2.461871132254600525e-02,-1.119264811277389526e-01,1.637535095214843750e-01,1.036826819181442261e-01,-3.467584550380706787e-01
5.061752796173095703e-01,4.585531055927276611e-01,1.000000000000000000e+00,5.777974128723144531e-01,2.538011074066162109e-01,3.656362593173980713e-01,6.825795173645019531e-01,4.122738540172576904e-01,4.204905927181243896e-01,2.567462921142578125e-01,3.083497285842895508e-01,2.253223955631256104e-01,3.925546407699584961e-01,2.741940915584564209e-01,5.314346551895141602e-01,4.283907711505889893e-01,4.952059388160705566e-01,4.512678980827331543e-01,5.855351686477661133e-01,6.403460502624511719e-01,2.485633641481399536e-01,2.769389748573303223e-01,6.823849081993103027e-01,4.868912100791931152e-01,4.649718403816223145e-01,4.197965264320373535e-01,2.893076539039611816e-01,3.321236968040466309e-01,3.473170697689056396e-01,2.485727071762084961e-01,4.821585416793823242e-01,4.903932809829711914e-01,5.264303684234619141e-01,4.740741848945617676e-01,3.892270326614379883e-01,2.076660841703414917e-01,1.478019952774047852e-01,-2.576771676540374756e-01,-8.565613627433776855e-02,1.569441147148609161e-02,2.095818668603897095e-01,1.609302163124084473e-01,3.303943872451782227e-01,2.423829026520252228e-02,2.789252102375030518e-01,-2.900497987866401672e-02,2.541343271732330322e-01,1.455663740634918213e-01,-4.549135640263557434e-02,-2.263572439551353455e-02,4.068360850214958191e-02,6.770794838666915894e-02,4.124318063259124756e-01,3.854040503501892090e-01,-6.278989370912313461e-03,1.875228583812713623e-01,5.259888768196105957e-01,5.466743111610412598e-01,2.350585311651229858e-01,9.785119444131851196e-03,4.665505886077880859e-01,3.246193528175354004e-01,4.490471780300140381e-01,3.689475655555725098e-01,5.132145285606384277e-01,3.358897864818572998e-01,4.696502983570098877e-01,3.004511892795562744e-01,5.901548862457275391e-01,5.782478451728820801e-01,2.436993569135665894e-01,2.189836353063583374e-01,2.916731536388397217e-01,2.565206885337829590e-01,2.347007989883422852e-01,1.712308079004287720e-02,2.503518164157867432e-01,2.855128943920135498e-01,4.902737736701965332e-01,4.610745608806610107e-01,4.678367674350738525e-01,4.440575540065765381e-01,3.035901784896850586e-01,2.462916225194931030e-01,7.036888599395751953e-01,5.301746129989624023e-01,-1.100621465593576431e-02,3.442071378231048584e-01,4.241767525672912598e-01,5.990058183670043945e-01,9.613522142171859741e-02,4.104272723197937012e-01,2.651278376579284668e-01,3.725208640098571777e-01,2.363862246274948120e-01,-1.903224736452102661e-01,2.237680852413177490e-01,-1.176339462399482727e-01,1.474998742341995239e-01,2.554152309894561768e-01,1.492023915052413940e-01,2.630132064223289490e-02,1.208049431443214417e-01,2.369456738233566284e-01,-2.383189201354980469e-01,-2.564099058508872986e-02,2.139541134238243103e-02,2.362434118986129761e-01,1.734223365783691406e-01,1.050319150090217590e-01,5.883958563208580017e-02,2.264062017202377319e-01,1.304908096790313721e-01,-1.473079770803451538e-01,-7.576762139797210693e-02,-3.187554776668548584e-01
5.383329391479492188e-01,5.072446465492248535e-01,5.777974128723144531e-01,1.000000000000000000e+00,3.764703273773193359e-01,5.251469612121582031e-01,5.583734512329101562e-01,7.528947591781616211e-01,4.522367715835571289e-01,5.837523937225341797e-01,3.127172589302062988e-01,5.114446878433227539e-01,3.456343114376068115e-01,5.959314703941345215e-01,2.869170606136322021e-01,4.715506732463836670e-01,3.313461244106292725e-01,4.533872306346893311e-01,4.442999362945556641e-01,6.095982193946838379e-01,2.743840217590332031e-01,2.968176007270812988e-01,7.404881715774536133e-01,7.399693131446838379e-01,1.761819869279861450e-01,3.719232380390167236e-01,2.917408049106597900e-01,2.331960499286651611e-01,2.072693556547164917e-01,1.803083866834640503e-01,4.612672328948974609e-01,5.552423596382141113e-01,6.130705475807189941e-01,6.323014497756958008e-01,4.602572023868560791e-01,4.069577753543853760e-01,8.475238084793090820e-02,-2.004910260438919067e-01,-2.343060225248336792e-01,1.479453444480895996e-01,1.586803048849105835e-01,2.609399557113647461e-01,5.153885483741760254e-01,1.821110695600509644e-01,3.993847668170928955e-01,2.947073802351951599e-02,5.056026577949523926e-01,2.483879327774047852e-01,2.083057463169097900e-01,1.316100955009460449e-01,3.266319930553436279e-01,3.441890180110931396e-01,5.433074235916137695e-01,5.508153438568115234e-01,2.481981366872787476e-01,3.476212918758392334e-01,4.551329612731933594e-01,5.262161493301391602e-01,4.356305301189422607e-01,2.093610316514968872e-01,6.036027669906616211e-01,5.949584841728210449e-01,2.926559150218963623e-01,2.248553037643432617e-01,6.044340729713439941e-01,6.412532925605773926e-01,6.604366898536682129e-01,6.627292037010192871e-01,6.537004709243774414e-01,7.289825081825256348e-01,2.876281142234802246e-01,3.979239463806152344e-01,3.344975113868713379e-01,3.285560011863708496e-01,3.979182839393615723e-01,7.723548263311386108e-02,1.314837336540222168e-01,3.781264722347259521e-01,4.473336637020111084e-01,4.665776789188385010e-01,3.876981735229492188e-01,4.794009923934936523e-01,2.294984906911849976e-01,3.554340898990631104e-01,6.665919423103332520e-01,5.706105232238769531e-01,5.177164450287818909e-02,2.576530873775482178e-01,4.040190279483795166e-01,6.803777813911437988e-01,1.482842564582824707e-01,2.839242517948150635e-01,3.427821695804595947e-01,2.638064026832580566e-01,8.967902511358261108e-02,-2.056082934141159058e-01,2.633429169654846191e-01,-1.746999621391296387e-01,1.969518810510635376e-01,1.363294273614883423e-01,1.929780095815658569e-01,1.629205793142318726e-02,3.292278945446014404e-01,1.587647348642349243e-01,-8.496914058923721313e-02,6.719817966222763062e-02,3.416995406150817871e-01,1.339727491140365601e-01,-3.804452717304229736e-02,1.191671267151832581e-01,1.944191157817840576e-01,3.105679452419281006e-01,1.940467804670333862e-01,3.142631798982620239e-02,-6.328312307596206665e-02,-3.074465394020080566e-01
2.225380390882492065e-01,1.366664320230484009e-01,2.538011074066162109e-01,3.764703273773193359e-01,1.000000000000000000e+00,6.210461258888244629e-02,5.473708510398864746e-01,3.857240974903106689e-01,5.206494331359863281e-01,3.851933181285858154e-01,3.906250000000000000e-01,3.925499320030212402e-01,3.976365625858306885e-01,2.755317389965057373e-01,4.052080214023590088e-01,3.179745376110076904e-01,2.959505915641784668e-01,3.717993497848510742e-01,5.500545501708984375e-01,4.345403611660003662e-01,1.447185575962066650e-01,2.280791290104389191e-02,3.686643838882446289e-01,7.678139209747314453e-02,9.238005429506301880e-02,-1.695844084024429321e-01,3.988062739372253418e-01,5.511457473039627075e-02,2.272567152976989746e-01,2.447061687707901001e-01,1.908621340990066528e-01,2.112197279930114746e-01,3.608800768852233887e-01,3.227046430110931396e-01,1.496570408344268799e-01,1.145206466317176819e-01,-1.068829372525215149e-02,-1.622072011232376099e-01,-1.668901368975639343e-02,8.200396597385406494e-02,-1.011595502495765686e-02,5.414142459630966187e-02,5.452653393149375916e-02,-1.813445687294006348e-01,7.323263585567474365e-02,-2.362634092569351196e-01,1.204579547047615051e-01,4.765195772051811218e-02,8.234357833862304688e-02,2.159722149372100830e-02,4.668564721941947937e-02,1.102759391069412231e-01,4.448913931846618652e-01,3.766140639781951904e-01,2.227510362863540649e-01,1.727779805660247803e-01,-2.910659462213516235e-02,1.513406187295913696e-01,2.669412791728973389e-01,1.000185757875442505e-01,3.260180056095123291e-01,2.937073111534118652e-01,3.646303117275238037e-01,3.858024477958679199e-01,1.095339581370353699e-01,1.078216806054115295e-01,4.261079728603363037e-01,2.390602529048919678e-01,3.478308916091918945e-01,4.481920897960662842e-01,2.447077035903930664e-01,1.355641633272171021e-01,1.714611984789371490e-02,-1.016614399850368500e-02,2.331386208534240723e-01,-1.359808743000030518e-01,2.820030786097049713e-02,-7.788370549678802490e-02,1.715963631868362427e-01,3.025920093059539795e-01,2.390809208154678345e-01,2.656291127204895020e-01,2.725715637207031250e-01,2.590773403644561768e-01,3.300030827522277832e-01,2.711522579193115234e-01,1.042266935110092163e-01,-3.346712142229080200e-02,3.544985651969909668e-01,4.646642804145812988e-01,3.867973983287811279e-01,3.410685360431671143e-01,3.886550366878509521e-01,2.020939439535140991e-01,-2.555353939533233643e-01,-4.263510704040527344e-01,6.692943628877401352e-03,-4.036675095558166504e-01,2.945006787776947021e-01,1.734210401773452759e-01,3.757937252521514893e-01,4.584090039134025574e-02,3.479602932929992676e-01,1.197058781981468201e-01,2.625702694058418274e-02,1.613871306180953979e-01,2.397840023040771484e-01,-1.054659411311149597e-01,-2.019177973270416260e-01,-1.713022589683532715e-01,-1.109973639249801636e-01,4.071021080017089844e-01,3.205567896366119385e-01,7.664937525987625122e-02,3.749722987413406372e-02,-1.323406305164098740e-02
4.278434216976165771e-01,3.683978617191314697e-01,3.656362593173980713e-01,5.251469612121582031e-01,6.210461258888244629e-02,1.000000000000000000e+00,2.788285613059997559e-01,3.622620403766632080e-01,2.866708636283874512e-01,5.629543066024780273e-01,1.827596575021743774e-01,3.293759524822235107e-01,2.843565642833709717e-01,4.410482347011566162e-01,2.636312544345855713e-01,5.162589550018310547e-01,1.048075780272483826e-01,1.448962539434432983e-01,1.469133645296096802e-01,3.729317188262939453e-01,3.186324834823608398e-01,5.234975218772888184e-01,5.694478154182434082e-01,6.496672034263610840e-01,4.411535263061523438e-01,6.247155666351318359e-01,2.955879569053649902e-01,5.888863801956176758e-01,1.465201377868652344e-01,2.374517619609832764e-01,1.345248818397521973e-01,3.305528163909912109e-01,4.243602156639099121e-01,4.404951333999633789e-01,5.295646190643310547e-01,4.100384116172790527e-01,3.997048735618591309e-01,-1.238694414496421814e-02,-2.127801254391670227e-02,1.215430200099945068e-01,4.606064558029174805e-01,3.394137322902679443e-01,2.891649901866912842e-01,2.092711925506591797e-01,2.730129957199096680e-01,3.355817794799804688e-01,4.020660221576690674e-01,1.930406689643859863e-01,2.539634108543395996e-01,3.890828788280487061e-01,4.676331877708435059e-01,4.212156832218170166e-01,3.019331097602844238e-01,3.508623838424682617e-01,1.052886396646499634e-01,2.425616234540939331e-01,2.868877053260803223e-01,3.273440897464752197e-01,3.188447058200836182e-01,3.570024669170379639e-01,4.947039186954498291e-01,5.818281173706054688e-01,1.711518019437789917e-01,2.204910516738891602e-01,5.424138903617858887e-01,6.384417414665222168e-01,4.572863578796386719e-01,5.548048615455627441e-01,4.656625390052795410e-01,4.377167820930480957e-01,3.421477079391479492e-01,3.918103277683258057e-01,4.880294501781463623e-01,4.499295353889465332e-01,1.514937821775674820e-02,8.482322841882705688e-02,4.336901009082794189e-01,6.663114428520202637e-01,2.853287756443023682e-01,3.279702663421630859e-01,2.827545702457427979e-01,4.203350543975830078e-01,2.353444993495941162e-01,5.777970552444458008e-01,5.802038311958312988e-01,5.026929974555969238e-01,5.304519552737474442e-03,4.211507737636566162e-01,2.473934739828109741e-01,4.108898639678955078e-01,-2.666130661964416504e-01,-8.321786671876907349e-02,-1.207495331764221191e-01,-4.151495546102523804e-02,-2.696859464049339294e-02,-1.566156893968582153e-01,-1.741672493517398834e-02,-8.596368879079818726e-02,-1.447886973619461060e-01,-2.580478787422180176e-01,-2.919508218765258789e-01,1.328515410423278809e-01,-1.243643015623092651e-01,1.485287249088287354e-01,-3.843590319156646729e-01,-2.782955169677734375e-01,-1.574897393584251404e-02,-3.993837535381317139e-02,1.331349611282348633e-01,-1.664892211556434631e-02,-3.643494099378585815e-02,-1.866443157196044922e-01,-2.084500491619110107e-01,-1.926802396774291992e-01,-5.264787375926971436e-02,-5.398473739624023438e-01
5.529942512512207031e-01,4.335268735885620117e-01,6.825795173645019531e-01,5.583734512329101562e-01,5.473708510398864746e-01,2.788285613059997559e-01,1.000000000000000000e+00,6.047334074974060059e-01,6.324631571769714355e-01,4.677233994007110596e-01,6.352480053901672363e-01,5.725276470184326172e-01,6.669380664825439453e-01,5.169081091880798340e-01,6.851356625556945801e-01,6.089989542961120605e-01,5.087448954582214355e-01,5.348335504531860352e-01,6.318095326423645020e-01,6.138980388641357422e-01,2.780236601829528809e-01,1.526931673288345337e-01,6.141452193260192871e-01,3.563293814659118652e-01,1.958263069391250610e-01,3.559602051973342896e-02,3.243099749088287354e-01,1.277445163577795029e-02,4.833905994892120361e-01,4.156199693679809570e-01,5.105747580528259277e-01,4.971340894699096680e-01,6.524531245231628418e-01,5.946594476699829102e-01,3.640040159225463867e-01,2.342919707298278809e-01,-2.693627029657363892e-02,-3.448968827724456787e-01,-1.118164658546447754e-01,-7.269796729087829590e-02,5.174641683697700500e-02,1.204602569341659546e-01,3.820505738258361816e-01,7.774576544761657715e-02,2.567803263664245605e-01,2.419999986886978149e-02,2.920262217521667480e-01,1.427309066057205200e-01,3.863743320107460022e-02,6.630055606365203857e-03,4.739379882812500000e-02,1.218220591545104980e-01,4.300976097583770752e-01,4.218829274177551270e-01,1.312908977270126343e-01,2.748934030532836914e-01,2.959230244159698486e-01,3.548676669597625732e-01,2.617809176445007324e-01,2.509681880474090576e-02,5.546522736549377441e-01,4.370759725570678711e-01,5.136004686355590820e-01,4.551409482955932617e-01,4.225482940673828125e-01,2.734743058681488037e-01,5.549754500389099121e-01,4.100332856178283691e-01,5.263010859489440918e-01,5.372748374938964844e-01,4.511172771453857422e-01,3.582596778869628906e-01,3.527228236198425293e-01,2.911781668663024902e-01,3.755696117877960205e-01,1.329027465544641018e-03,2.742147147655487061e-01,2.966820299625396729e-01,4.788871109485626221e-01,5.126493573188781738e-01,4.815021157264709473e-01,5.306642651557922363e-01,4.842783510684967041e-01,3.349911868572235107e-01,6.286187171936035156e-01,5.583366751670837402e-01,1.692288815975189209e-01,1.721816807985305786e-01,4.795811474323272705e-01,5.843652486801147461e-01,1.089662611484527588e-01,3.269889056682586670e-01,2.634446620941162109e-01,1.985889822244644165e-01,1.792612485587596893e-02,-3.476668000221252441e-01,1.779628992080688477e-01,-2.239246368408203125e-01,1.773802042007446289e-01,2.631102502346038818e-01,2.062427252531051636e-01,-1.750264875590801239e-02,2.001365125179290771e-01,1.409370005130767822e-01,-2.501604259014129639e-01,2.001745067536830902e-02,1.947539448738098145e-01,1.641253530979156494e-01,3.470879048109054565e-03,-1.621023286134004593e-03,2.836750447750091553e-02,2.856610119342803955e-01,2.323189526796340942e-01,-9.624404460191726685e-02,-9.760509431362152100e-02,-2.954510748386383057e-01
5.782045125961303711e-01,4.891178905963897705e-01,4.122738540172576904e-01,7.528947591781616211e-01,3.857240974903106689e-01,3.622620403766632080e-01,6.047334074974060059e-01,1.000000000000000000e+00,5.588284134864807129e-01,6.727131009101867676e-01,5.604434609413146973e-01,6.599782109260559082e-01,5.454604029655456543e-01,7.352586984634399414e-01,3.227229416370391846e-01,4.485185444355010986e-01,2.988851964473724365e-01,4.295531511306762695e-01,3.816829323768615723e-01,4.810006916522979736e-01,3.665763735771179199e-01,2.075854241847991943e-01,5.555686950683593750e-01,4.878663718700408936e-01,-8.526749908924102783e-02,2.415184304118156433e-02,1.089707612991333008e-01,-5.623224005103111267e-02,2.736289501190185547e-01,2.657407224178314209e-01,5.170289278030395508e-01,4.977271258831024170e-01,5.496925115585327148e-01,5.595188736915588379e-01,2.588099837303161621e-01,2.847489714622497559e-01,-6.033631414175033569e-02,-1.412848681211471558e-01,-1.761921942234039307e-01,9.165534377098083496e-02,-6.787316501140594482e-02,2.536759972572326660e-01,4.933882653713226318e-01,2.044985741376876831e-01,2.701782584190368652e-01,-2.024385333061218262e-02,4.738712012767791748e-01,2.631734907627105713e-01,1.858350038528442383e-01,1.475948691368103027e-01,2.684716582298278809e-01,3.178674280643463135e-01,4.620949625968933105e-01,5.620803236961364746e-01,2.069715410470962524e-01,3.613492548465728760e-01,2.976103425025939941e-01,4.013945758342742920e-01,4.207400977611541748e-01,2.245027273893356323e-01,6.427140235900878906e-01,6.119683384895324707e-01,3.627587556838989258e-01,3.068742156028747559e-01,4.350528419017791748e-01,3.990142345428466797e-01,5.081863403320312500e-01,5.588198900222778320e-01,4.282632172107696533e-01,5.450497865676879883e-01,4.757548868656158447e-01,4.793091416358947754e-01,3.055768609046936035e-01,3.395420610904693604e-01,3.121985197067260742e-01,2.041563242673873901e-01,2.133879512548446655e-01,3.533379733562469482e-01,3.200533390045166016e-01,4.147941470146179199e-01,2.996233701705932617e-01,3.437435626983642578e-01,2.322590947151184082e-01,2.259545624256134033e-01,4.960688948631286621e-01,4.574526548385620117e-01,5.081085115671157837e-02,2.645563893020153046e-02,4.205589294433593750e-01,5.740694999694824219e-01,1.352074444293975830e-01,2.146912515163421631e-01,3.416398763656616211e-01,1.812322884798049927e-01,1.906728954054415226e-03,-1.884660720825195312e-01,2.400063574314117432e-01,-1.703738272190093994e-01,3.187390267848968506e-01,2.575500309467315674e-01,2.956412136554718018e-01,-1.035271584987640381e-02,3.679076135158538818e-01,8.587695658206939697e-02,-1.550542563199996948e-01,8.284934610128402710e-02,3.034165799617767334e-01,1.985726058483123779e-01,8.214435540139675140e-03,8.989113569259643555e-02,2.330995649099349976e-01,3.822672367095947266e-01,3.528200685977935791e-01,1.446709185838699341e-01,-2.893831022083759308e-02,-2.412036508321762085e-01
4.570886194705963135e-01,3.807432949542999268e-01,4.204905927181243896e-01,4.522367715835571289e-01,5.206494331359863281e-01,2.866708636283874512e-01,6.324631571769714355e-01,5.588284134864807129e-01,1.000000000000000000e+00,6.097780466079711914e-01,4.656756222248077393e-01,5.913911461830139160e-01,5.460796952247619629e-01,4.791244268417358398e-01,5.078831315040588379e-01,5.451720356941223145e-01,3.108498454093933105e-01,3.838622868061065674e-01,5.394365191459655762e-01,4.857746064662933350e-01,2.953834533691406250e-01,2.558410465717315674e-01,5.563402771949768066e-01,3.602669537067413330e-01,8.110757917165756226e-02,-2.297901548445224762e-02,2.933979630470275879e-01,1.940121315419673920e-02,3.614932000637054443e-01,3.531823456287384033e-01,3.780573606491088867e-01,4.063939452171325684e-01,5.067793726921081543e-01,5.111208558082580566e-01,3.795256912708282471e-01,3.565846681594848633e-01,6.217376887798309326e-02,-1.087321937084197998e-01,-1.069285497069358826e-01,2.161073237657546997e-01,-1.668338896706700325e-03,2.475896030664443970e-01,3.578836917877197266e-01,1.514174044132232666e-01,2.338636368513107300e-01,1.254037208855152130e-02,3.941464126110076904e-01,2.917930185794830322e-01,2.204322665929794312e-01,2.408345937728881836e-01,2.712157368659973145e-01,3.457768559455871582e-01,5.388600230216979980e-01,5.952340960502624512e-01,1.834748536348342896e-01,3.500262498855590820e-01,1.851274073123931885e-01,2.806479334831237793e-01,4.085258543491363525e-01,3.066159784793853760e-01,6.119460463523864746e-01,6.565289497375488281e-01,2.649056613445281982e-01,2.989360988140106201e-01,2.540130019187927246e-01,3.549622595310211182e-01,4.515197277069091797e-01,4.084612429141998291e-01,4.022382199764251709e-01,4.198147058486938477e-01,4.277830719947814941e-01,3.947429358959197998e-01,2.580788135528564453e-01,2.925111949443817139e-01,2.054796218872070312e-01,1.478451937437057495e-01,2.877022027969360352e-01,3.073529005050659180e-01,2.796402573585510254e-01,3.623600602149963379e-01,3.036341965198516846e-01,3.890723586082458496e-01,2.096076905727386475e-01,3.238031566143035889e-01,3.756983280181884766e-01,4.640438854694366455e-01,-1.197765618562698364e-01,5.610169470310211182e-02,3.649502992630004883e-01,6.271805167198181152e-01,8.812166750431060791e-02,2.741717696189880371e-01,2.532381117343902588e-01,2.213941365480422974e-01,-2.622640877962112427e-02,-2.944712340831756592e-01,4.391651600599288940e-02,-2.044358104467391968e-01,3.187252283096313477e-01,2.604390680789947510e-01,1.827630996704101562e-01,1.144291684031486511e-01,1.950683295726776123e-01,2.690207660198211670e-01,-2.525205612182617188e-01,6.434251368045806885e-02,6.639894098043441772e-02,1.673264950513839722e-01,3.041497990489006042e-02,-5.636264756321907043e-02,-3.096593543887138367e-02,3.040397167205810547e-01,2.704371809959411621e-01,1.354341655969619751e-01,5.090485513210296631e-02,-1.967228204011917114e-01
5.115138888359069824e-01,4.546627998352050781e-01,2.567462921142578125e-01,5.837523937225341797e-01,3.851933181285858154e-01,5.629543066024780273e-01,4.677233994007110596e-01,6.727131009101867676e-01,6.097780466079711914e-01,1.000000000000000000e+00,4.619444906711578369e-01,6.460781097412109375e-01,4.727663099765777588e-01,6.628538966178894043e-01,3.284179568290710449e-01,6.396782398223876953e-01,8.936830610036849976e-02,2.326643913984298706e-01,2.855038344860076904e-01,3.779667019844055176e-01,1.992521435022354126e-01,1.692969948053359985e-01,4.939356744289398193e-01,4.912445247173309326e-01,7.648338377475738525e-02,1.594449281692504883e-01,1.731079667806625366e-01,7.021881639957427979e-02,2.285424768924713135e-01,2.100175917148590088e-01,1.912394315004348755e-01,3.108342885971069336e-01,4.153940677642822266e-01,4.532873332500457764e-01,2.962345182895660400e-01,2.582791447639465332e-01,3.413466364145278931e-02,-8.547760546207427979e-02,-2.086270004510879517e-01,1.297280639410018921e-01,8.372140116989612579e-03,1.881726533174514771e-01,3.516623675823211670e-01,2.322922050952911377e-01,2.001748681068420410e-01,1.031516864895820618e-01,3.772921562194824219e-01,2.603719830513000488e-01,3.087310194969177246e-01,3.306542932987213135e-01,4.520927369594573975e-01,4.820577502250671387e-01,3.874857127666473389e-01,4.250135123729705811e-01,2.896538078784942627e-01,3.589420318603515625e-01,1.437422037124633789e-01,2.803565263748168945e-01,3.999817669391632080e-01,4.218381941318511963e-01,5.767788290977478027e-01,7.181571125984191895e-01,1.120660826563835144e-01,1.835028082132339478e-01,3.958338201045989990e-01,5.503416061401367188e-01,4.161736965179443359e-01,4.736837744712829590e-01,3.627848923206329346e-01,3.688449561595916748e-01,4.548204243183135986e-01,4.414107799530029297e-01,3.849987685680389404e-01,3.335537910461425781e-01,2.147413641214370728e-01,1.299365013837814331e-01,2.407842874526977539e-01,4.278203248977661133e-01,2.306420654058456421e-01,2.457991987466812134e-01,1.462899595499038696e-01,2.792919874191284180e-01,1.687230765819549561e-01,3.606771230697631836e-01,4.181330502033233643e-01,3.856973946094512939e-01,7.313276082277297974e-02,2.763851881027221680e-01,3.285675048828125000e-01,4.603531956672668457e-01,-1.545045431703329086e-02,-1.512040104717016220e-02,9.423481673002243042e-02,-1.081772148609161377e-01,-9.453774243593215942e-02,-2.094648927450180054e-01,2.413463406264781952e-02,-1.587069332599639893e-01,1.767612099647521973e-01,-2.473654225468635559e-02,6.009574979543685913e-02,-7.154947519302368164e-02,1.816564351320266724e-01,-3.897694498300552368e-02,-2.454942613840103149e-01,-3.925077617168426514e-02,2.430057972669601440e-01,-7.010522298514842987e-03,2.398702874779701233e-02,-4.098687320947647095e-03,5.751825869083404541e-02,1.134274080395698547e-01,1.243353337049484253e-01,7.319109886884689331e-02,7.170618325471878052e-02,-2.939175069332122803e-01
6.812700033187866211e-01,5.758638381958007812e-01,3.083497285842895508e-01,3.127172589302062988e-01,3.906250000000000000e-01,1.827596575021743774e-01,6.352480053901672363e-01,5.604434609413146973e-01,4.656756222248077393e-01,4.619444906711578369e-01,1.000000000000000000e+00,7.228130102157592773e-01,8.783425092697143555e-01,5.249514579772949219e-01,5.724909901618957520e-01,4.927934110164642334e-01,5.192152857780456543e-01,5.274140834808349609e-01,3.949880897998809814e-01,4.363434016704559326e-01,3.656724691390991211e-01,9.847725182771682739e-02,3.217619061470031738e-01,8.057972788810729980e-02,2.394499816000461578e-02,-1.693367958068847656e-01,8.164894580841064453e-02,-1.440615355968475342e-01,6.332639455795288086e-01,5.966255068778991699e-01,4.217455685138702393e-01,2.980427443981170654e-01,5.603682994842529297e-01,4.876887500286102295e-01,1.108157783746719360e-01,3.545141220092773438e-02,-1.203501001000404358e-01,-1.650957167148590088e-01,-9.335228241980075836e-03,3.700096532702445984e-02,-7.023172080516815186e-02,2.814057171344757080e-01,3.404952585697174072e-01,1.791882812976837158e-01,1.291824877262115479e-01,1.610450446605682373e-01,3.691693842411041260e-01,1.372290253639221191e-01,1.148468554019927979e-01,2.188415080308914185e-01,1.356893330812454224e-01,1.500642448663711548e-01,3.156248033046722412e-01,2.644332945346832275e-01,1.810473054647445679e-01,2.917232513427734375e-01,2.865492105484008789e-01,3.680623471736907959e-01,4.357270002365112305e-01,2.249088436365127563e-01,5.902306437492370605e-01,4.144812524318695068e-01,6.130162477493286133e-01,5.933994650840759277e-01,1.780976206064224243e-01,4.287684708833694458e-02,2.876636087894439697e-01,3.574615418910980225e-01,3.199466466903686523e-01,3.618266582489013672e-01,6.140685081481933594e-01,4.889616668224334717e-01,4.935657083988189697e-01,4.512471258640289307e-01,3.572065234184265137e-01,2.093747407197952271e-01,2.447875589132308960e-01,3.368222713470458984e-01,3.814147710800170898e-01,4.321455955505371094e-01,5.012081265449523926e-01,4.664920568466186523e-01,4.189205467700958252e-01,3.065950870513916016e-01,3.923285007476806641e-01,4.111357629299163818e-01,1.214064881205558777e-01,-1.005178540945053101e-01,4.234546720981597900e-01,4.332209825515747070e-01,-1.171923354268074036e-01,3.444731980562210083e-02,2.827508375048637390e-02,-9.461749345064163208e-02,-1.138671115040779114e-01,-2.738094031810760498e-01,1.155557855963706970e-01,-9.685897082090377808e-02,1.867991387844085693e-01,8.816977590322494507e-02,1.566829979419708252e-01,-1.299121677875518799e-01,1.965245753526687622e-01,-3.038756176829338074e-02,-3.567224144935607910e-01,1.477203965187072754e-01,1.305334270000457764e-01,4.580643400549888611e-02,4.187818244099617004e-02,-4.995626397430896759e-03,1.415679752826690674e-01,1.661062091588973999e-01,1.371968090534210205e-01,8.859220892190933228e-03,-5.454908683896064758e-02,-2.601843774318695068e-01
5.887630581855773926e-01,6.178652048110961914e-01,2.253223955631256104e-01,5.114446878433227539e-01,3.925499320030212402e-01,3.293759524822235107e-01,5.725276470184326172e-01,6.599782109260559082e-01,5.913911461830139160e-01,6.460781097412109375e-01,7.228130102157592773e-01,1.000000000000000000e+00,6.997008919715881348e-01,7.394026517868041992e-01,5.714600682258605957e-01,6.547993421554565430e-01,3.526460528373718262e-01,4.786424934864044189e-01,3.584038913249969482e-01,4.945800304412841797e-01,2.211731523275375366e-01,2.282140776515007019e-02,4.553053081035614014e-01,3.445757329463958740e-01,9.495408274233341217e-03,-1.308130100369453430e-02,2.038435786962509155e-01,-1.140800416469573975e-01,5.095940232276916504e-01,4.698843955993652344e-01,3.452802300453186035e-01,3.747360408306121826e-01,5.675549507141113281e-01,5.674129724502563477e-01,2.894242405891418457e-01,2.392727285623550415e-01,-1.197673007845878601e-01,-2.082342952489852905e-01,-7.352947443723678589e-02,-3.433524444699287415e-02,-3.266069293022155762e-02,1.751420944929122925e-01,4.079042375087738037e-01,2.603270411491394043e-01,2.472703158855438232e-01,1.824299693107604980e-01,4.790078103542327881e-01,2.523439824581146240e-01,2.866576313972473145e-01,3.361099660396575928e-01,3.279634416103363037e-01,4.276074767112731934e-01,4.615511000156402588e-01,4.557633399963378906e-01,3.837579488754272461e-01,4.086320400238037109e-01,2.103751748800277710e-01,3.128316402435302734e-01,4.777236580848693848e-01,3.587127625942230225e-01,5.755900740623474121e-01,5.902726054191589355e-01,3.470443785190582275e-01,3.763071894645690918e-01,2.732181549072265625e-01,3.430001139640808105e-01,4.132877290248870850e-01,5.444102883338928223e-01,4.520076215267181396e-01,4.727514684200286865e-01,5.415972471237182617e-01,4.679915904998779297e-01,4.955520629882812500e-01,4.135311245918273926e-01,4.262188374996185303e-01,1.471876204013824463e-01,1.482962965965270996e-01,3.507416546344757080e-01,3.466619849205017090e-01,3.917585909366607666e-01,4.249799549579620361e-01,5.194253325462341309e-01,4.031674563884735107e-01,4.419372081756591797e-01,4.550818204879760742e-01,4.958726465702056885e-01,2.350791841745376587e-01,2.468840777873992920e-02,4.284888505935668945e-01,5.344257354736328125e-01,-5.168662965297698975e-02,3.831869363784790039e-02,8.198875188827514648e-02,-7.557979226112365723e-02,-1.383005380630493164e-01,-1.968968212604522705e-01,1.143881902098655701e-01,-7.225707918405532837e-02,2.362690567970275879e-01,1.101255491375923157e-01,1.357263922691345215e-01,-1.887787431478500366e-01,2.404983341693878174e-01,-1.167092323303222656e-01,-3.202447891235351562e-01,1.237708404660224915e-01,2.379386276006698608e-01,5.394306778907775879e-02,-3.242493607103824615e-03,-2.632294595241546631e-02,1.122426316142082214e-01,2.098335772752761841e-01,1.493902504444122314e-01,1.061241254210472107e-01,6.121971830725669861e-02,-2.336209267377853394e-01
6.364405155181884766e-01,5.317946076393127441e-01,3.925546407699584961e-01,3.456343114376068115e-01,3.976365625858306885e-01,2.843565642833709717e-01,6.669380664825439453e-01,5.454604029655456543e-01,5.460796952247619629e-01,4.727663099765777588e-01,8.783425092697143555e-01,6.997008919715881348e-01,1.000000000000000000e+00,5.766832828521728516e-01,6.086337566375732422e-01,5.115322470664978027e-01,5.080306529998779297e-01,4.778993725776672363e-01,4.489403665065765381e-01,4.731177389621734619e-01,3.712538778781890869e-01,2.031307965517044067e-01,4.158334732055664062e-01,1.838699877262115479e-01,1.749587804079055786e-01,-3.550446406006813049e-02,1.116558909416198730e-01,-1.604559645056724548e-02,5.978437662124633789e-01,5.786440372467041016e-01,4.023882150650024414e-01,3.058015406131744385e-01,5.658039450645446777e-01,4.913948476314544678e-01,2.078547030687332153e-01,1.482841968536376953e-01,2.448912896215915680e-02,-1.555611342191696167e-01,1.423583365976810455e-02,5.295529589056968689e-02,7.412669807672500610e-02,2.752932608127593994e-01,3.178773224353790283e-01,1.010583043098449707e-01,1.622979640960693359e-01,1.439865827560424805e-01,3.693670034408569336e-01,1.154992878437042236e-01,8.851067721843719482e-02,2.289014607667922974e-01,1.106247156858444214e-01,1.403025984764099121e-01,3.939759135246276855e-01,3.443599045276641846e-01,1.693203598260879517e-01,2.870228290557861328e-01,2.864680588245391846e-01,3.337454199790954590e-01,4.470409452915191650e-01,2.340135723352432251e-01,6.390918493270874023e-01,4.351899027824401855e-01,5.544777512550354004e-01,5.317669510841369629e-01,2.891502678394317627e-01,1.033351495862007141e-01,4.050838053226470947e-01,4.308676123619079590e-01,4.244212210178375244e-01,4.654437601566314697e-01,6.048989892005920410e-01,5.115072131156921387e-01,4.802809357643127441e-01,4.274190664291381836e-01,3.334393501281738281e-01,1.429619193077087402e-01,3.453545570373535156e-01,3.885805308818817139e-01,3.912093341350555420e-01,4.420033991336822510e-01,5.170616507530212402e-01,4.750415384769439697e-01,4.710009992122650146e-01,3.972346782684326172e-01,4.520788788795471191e-01,4.448282718658447266e-01,1.202814802527427673e-01,-1.023102700710296631e-01,4.844918847084045410e-01,4.911715388298034668e-01,-1.245507225394248962e-01,1.163833290338516235e-01,4.391577467322349548e-02,-3.373351180925965309e-03,-1.338891088962554932e-01,-3.342472910881042480e-01,3.973812982439994812e-02,-1.626314073801040649e-01,1.349544376134872437e-01,1.067445129156112671e-01,7.357870042324066162e-02,-8.622368425130844116e-02,8.242505788803100586e-02,8.011364191770553589e-02,-4.138536453247070312e-01,1.165250763297080994e-01,2.722779475152492523e-02,9.322100877761840820e-02,-4.133034031838178635e-03,-3.048186190426349640e-02,3.429710492491722107e-02,1.692553907632827759e-01,1.195807754993438721e-01,-9.468128532171249390e-02,-1.099201664328575134e-01,-3.916969895362854004e-01
