1.000000000000000000e+00,4.522477686405181885e-01,4.887230098247528076e-01,8.614469319581985474e-03,-1.590135693550109863e-02,7.839705049991607666e-02,4.424581229686737061e-01,3.113897144794464111e-02,1.902940869331359863e-01,8.510933816432952881e-02,4.930417537689208984e-01,3.813482820987701416e-01,4.501191973686218262e-01,3.203211724758148193e-01,2.607809305191040039e-01,1.025020852684974670e-01,3.165068626403808594e-01,3.776568770408630371e-01,2.261992841958999634e-01,4.626720845699310303e-01,-8.157453685998916626e-02,-1.226401776075363159e-01,7.795022428035736084e-02,-1.524191815406084061e-02,-1.010739430785179138e-01,-1.068456447683274746e-03,1.187056750059127808e-01,1.098970919847488403e-01,3.577493131160736084e-01,3.575659692287445068e-01,5.810114368796348572e-02,1.605345159769058228e-01,4.023822844028472900e-01,3.558213710784912109e-01,1.191267520189285278e-01,8.747093379497528076e-02,1.271153837442398071e-01,2.091299444437026978e-01,3.004313074052333832e-02,3.740140423178672791e-02,2.722455859184265137e-01,1.905681043863296509e-01,1.003181412816047668e-01,2.527202665805816650e-01,1.708130724728107452e-02,-8.603356778621673584e-02,1.626089066267013550e-01,-6.219850853085517883e-02,1.868119835853576660e-01,1.660454124212265015e-01,-5.093835294246673584e-02,2.635445296764373779e-01,-9.510542452335357666e-02,2.142917513847351074e-01,1.693092286586761475e-01,2.883735299110412598e-01,5.099555253982543945e-01,1.254312843084335327e-01,2.539973556995391846e-01,-1.146631687879562378e-01,2.080080658197402954e-01,-9.130409359931945801e-02,2.912968099117279053e-01,3.256314098834991455e-01,1.202241480350494385e-01,-2.603730559349060059e-02,1.722433865070343018e-01,-2.153223566710948944e-02,3.901314735412597656e-01,4.618552327156066895e-01,-1.207077875733375549e-01,-2.090576142072677612e-01,4.641169607639312744e-01,3.760486841201782227e-01,6.375940144062042236e-02,3.088482916355133057e-01,1.413487941026687622e-01,1.623413264751434326e-01,3.342189192771911621e-01,4.443952441215515137e-01,4.522563815116882324e-01,4.616016447544097900e-01,8.388168364763259888e-02,-1.337824575603008270e-02,3.762346506118774414e-01,4.279522225260734558e-02,3.600637661293148994e-03,-6.007539108395576477e-02,1.533130407333374023e-01,5.971490219235420227e-02,-2.054276019334793091e-01,1.376786828041076660e-01,7.562621682882308960e-02,2.995221018791198730e-01,-2.407686710357666016e-01,6.197181716561317444e-02,-1.187638118863105774e-01,3.424067497253417969e-01,-8.117033541202545166e-02,1.115844398736953735e-01,2.002862393856048584e-01,2.055950164794921875e-01,7.303544133901596069e-02,2.916462719440460205e-02,-3.431113958358764648e-01,-5.064580589532852173e-02,5.455712671391665936e-04,4.449986293911933899e-02,-1.393435001373291016e-01,-6.548555195331573486e-02,5.247788131237030029e-02,-1.820036619901657104e-01,-1.227668002247810364e-01,3.370526731014251709e-01,1.944534778594970703e-01,-3.858283907175064087e-02
4.522477686405181885e-01,1.000000000000000000e+00,2.208275645971298218e-01,3.319619596004486084e-02,-3.319170698523521423e-02,-1.379217952489852905e-01,-2.142197079956531525e-02,-1.150338649749755859e-01,-1.892002671957015991e-01,-1.906186155974864960e-02,3.112305402755737305e-01,2.556650936603546143e-01,9.125190973281860352e-02,1.319724470376968384e-01,2.005533128976821899e-02,1.791659593582153320e-01,4.994932115077972412e-01,6.306256651878356934e-01,1.475729197263717651e-01,5.644267797470092773e-01,-8.889940381050109863e-02,-3.935294970870018005e-02,2.968507632613182068e-02,2.286940999329090118e-02,-9.533287584781646729e-02,1.112681627273559570e-01,-1.623536348342895508e-01,-5.943652614951133728e-02,5.419211387634277344e-01,4.961010813713073730e-01,2.336261868476867676e-01,2.347244918346405029e-01,3.451513051986694336e-01,3.543025255203247070e-01,1.410430646501481533e-03,4.647734016180038452e-02,3.316708505153656006e-01,3.613866269588470459e-01,4.970073699951171875e-03,1.551039218902587891e-01,3.292790055274963379e-01,4.412246644496917725e-01,3.244182467460632324e-01,3.267798125743865967e-01,1.441613584756851196e-01,-1.903183311223983765e-01,3.419702947139739990e-01,5.151059105992317200e-02,1.812088936567306519e-01,7.585451751947402954e-02,1.495305597782135010e-01,8.245588839054107666e-02,-1.803718507289886475e-01,1.693861186504364014e-01,1.198015362024307251e-01,2.441599071025848389e-01,6.480640172958374023e-01,6.845474839210510254e-01,2.040017955005168915e-02,-1.945178359746932983e-01,1.514435112476348877e-01,-3.199222683906555176e-02,5.157476067543029785e-01,5.451672077178955078e-01,9.034687280654907227e-02,-2.142129465937614441e-02,-8.714851737022399902e-02,-2.236541211605072021e-01,1.778737008571624756e-01,3.368656337261199951e-01,-2.145695388317108154e-01,-1.803797632455825806e-01,5.276618003845214844e-01,5.189483165740966797e-01,1.526961326599121094e-01,3.666896224021911621e-01,6.836447119712829590e-02,4.176770746707916260e-01,4.927047193050384521e-01,5.609395503997802734e-01,4.689800143241882324e-01,4.900676906108856201e-01,5.903020501136779785e-02,-2.754766866564750671e-02,3.623441159725189209e-01,-1.261570751667022705e-01,1.064921095967292786e-01,-1.603964567184448242e-01,2.073278576135635376e-01,-1.669766157865524292e-01,-3.589760959148406982e-01,-2.315312325954437256e-01,-8.889402449131011963e-02,-7.678971625864505768e-03,-1.479922682046890259e-01,1.621101796627044678e-02,-2.829123847186565399e-02,3.712906539440155029e-01,2.286208048462867737e-02,-1.486377120018005371e-01,8.793985843658447266e-02,-1.117140706628561020e-02,5.347475409507751465e-03,-9.789901971817016602e-02,-3.679298162460327148e-01,6.985123269259929657e-03,-2.552388422191143036e-02,-4.041704162955284119e-02,-7.148666679859161377e-02,-4.470714181661605835e-02,4.240541905164718628e-02,-3.130500018596649170e-01,-4.101653397083282471e-01,8.046223223209381104e-02,5.690043792128562927e-02,-4.750379174947738647e-02
4.887230098247528076e-01,2.208275645971298218e-01,1.000000000000000000e+00,3.969293236732482910e-01,1.801624000072479248e-01,1.900089830160140991e-01,5.790337324142456055e-01,1.582506299018859863e-01,1.946696341037750244e-01,-7.534636557102203369e-02,2.246268987655639648e-01,-3.030845522880554199e-02,1.958677172660827637e-01,-8.002271503210067749e-02,2.064230293035507202e-01,-1.495629101991653442e-01,7.000862061977386475e-02,8.798713982105255127e-02,2.408608496189117432e-01,1.888539940118789673e-01,1.371297985315322876e-01,4.398604854941368103e-02,3.921691477298736572e-01,2.504006326198577881e-01,1.320282667875289917e-01,3.930214345455169678e-01,2.945816814899444580e-01,3.308160603046417236e-01,9.012407623231410980e-03,-1.295423228293657303e-02,3.221081197261810303e-01,4.051703512668609619e-01,4.679043889045715332e-01,4.631899595260620117e-01,3.825806379318237305e-01,3.357257544994354248e-01,1.638253480195999146e-01,-4.901823028922080994e-02,-1.374797802418470383e-02,1.704000979661941528e-01,1.861259341239929199e-01,-5.984777212142944336e-02,1.376248896121978760e-01,4.230148196220397949e-01,3.566090464591979980e-01,2.522722184658050537e-01,8.270442485809326172e-02,1.802085191011428833e-01,2.476354539394378662e-01,1.558609157800674438e-01,1.694520376622676849e-02,2.211055010557174683e-01,7.448705285787582397e-02,2.061634957790374756e-01,6.831414252519607544e-02,2.448225915431976318e-01,1.885225027799606323e-01,-1.171065680682659149e-02,3.455861508846282959e-01,-1.834567785263061523e-01,1.699872165918350220e-01,-1.722468286752700806e-01,3.826071321964263916e-02,1.850508749485015869e-01,4.239114224910736084e-01,1.057015731930732727e-01,5.462207198143005371e-01,2.708808481693267822e-01,3.978665471076965332e-01,4.125497937202453613e-01,1.495159715414047241e-01,6.068463437259197235e-03,2.964624762535095215e-01,2.592099606990814209e-01,2.372691333293914795e-01,2.519562840461730957e-01,-1.507846713066101074e-01,-2.379130125045776367e-01,5.971530452370643616e-02,1.100632995367050171e-01,1.361850053071975708e-01,3.169286251068115234e-01,1.438792198896408081e-01,1.637339442968368530e-01,4.236852228641510010e-01,1.826193779706954956e-01,1.816658973693847656e-01,8.500849455595016479e-02,1.737797446548938751e-02,2.214274406433105469e-01,-2.796810865402221680e-01,2.175317555665969849e-01,-6.401377916336059570e-02,2.207372486591339111e-01,-1.110889092087745667e-01,8.650523424148559570e-02,-1.858422607183456421e-01,3.429207205772399902e-01,-1.206097155809402466e-01,1.551240831613540649e-01,-5.901673808693885803e-03,1.677785962820053101e-01,7.415901869535446167e-02,6.852804869413375854e-02,-7.364503294229507446e-02,-1.729853153228759766e-01,-4.848663229495286942e-03,3.850175067782402039e-02,1.541936676949262619e-02,-4.546627774834632874e-02,1.169726550579071045e-01,-5.822144448757171631e-02,-7.879795879125595093e-02,6.763642281293869019e-02,-5.066419392824172974e-02,-1.639889180660247803e-01
8.614469319581985474e-03,3.319619596004486084e-02,3.969293236732482910e-01,1.000000000000000000e+00,3.722340762615203857e-01,3.369527757167816162e-01,2.999006509780883789e-01,6.632242798805236816e-01,1.839245855808258057e-01,1.305190324783325195e-01,-1.921694912016391754e-02,-1.273491978645324707e-01,4.091126471757888794e-02,3.774667903780937195e-02,1.753099411725997925e-01,1.769305318593978882e-01,2.498975023627281189e-02,-1.176360026001930237e-01,1.860533952713012695e-01,1.751426607370376587e-02,2.241856604814529419e-01,2.399323433637619019e-01,4.440016150474548340e-01,6.355642676353454590e-01,4.220103621482849121e-01,4.833709597587585449e-01,1.981907784938812256e-01,4.279958903789520264e-01,-8.327007293701171875e-02,-1.461819559335708618e-01,1.930037885904312134e-01,2.753468155860900879e-01,1.321614086627960205e-01,1.761753559112548828e-01,2.321750819683074951e-01,3.315246999263763428e-01,3.330391272902488708e-02,-2.459667325019836426e-01,2.179023623466491699e-02,1.387494951486587524e-01,1.832444071769714355e-01,3.289987146854400635e-02,1.390547901391983032e-01,3.132966756820678711e-01,2.416360378265380859e-01,3.895949423313140869e-01,1.338258683681488037e-01,3.288778066635131836e-01,9.609868377447128296e-02,2.107258439064025879e-01,1.928115449845790863e-02,1.213244125247001648e-01,1.125341560691595078e-02,7.522082328796386719e-02,1.251958962529897690e-02,2.126790285110473633e-01,-3.677327558398246765e-02,4.932994768023490906e-02,9.196694195270538330e-02,2.664640545845031738e-01,1.070645451545715332e-02,2.244118303060531616e-01,-5.855752155184745789e-02,3.296151757240295410e-02,2.624144256114959717e-01,5.214890837669372559e-01,3.713418245315551758e-01,4.872392117977142334e-01,2.247978895902633667e-01,2.353256791830062866e-01,2.675306499004364014e-01,2.301145046949386597e-01,-5.358133465051651001e-02,9.575739502906799316e-02,-6.474126130342483521e-02,9.012059867382049561e-02,-2.285889089107513428e-01,-1.804203987121582031e-01,-9.049318032339215279e-04,-7.857970148324966431e-02,2.690812759101390839e-02,-2.585956454277038574e-02,1.723520606756210327e-01,1.391083188354969025e-02,2.056927680969238281e-01,1.241058856248855591e-01,2.146499007940292358e-01,6.421417742967605591e-02,6.724812090396881104e-02,2.298195809125900269e-01,-1.964622139930725098e-01,1.275174617767333984e-01,-7.994853705167770386e-02,-3.338304907083511353e-02,-3.677145764231681824e-02,6.872941553592681885e-02,3.849515318870544434e-02,2.361479401588439941e-01,6.333240866661071777e-02,4.957085102796554565e-02,3.909380733966827393e-02,1.188659481704235077e-02,2.531296610832214355e-01,8.726689964532852173e-02,-7.747570425271987915e-02,2.227340452373027802e-02,-1.219891235232353210e-01,1.464800387620925903e-01,3.193674981594085693e-02,-4.812446609139442444e-02,1.365694403648376465e-01,3.589732944965362549e-02,-2.756119333207607269e-02,3.442503139376640320e-02,7.278817892074584961e-02,6.257029622793197632e-02
-1.590135693550109863e-02,-3.319170698523521423e-02,1.801624000072479248e-01,3.722340762615203857e-01,1.000000000000000000e+00,3.459655046463012695e-01,3.348299562931060791e-01,3.709915876388549805e-01,4.230436682701110840e-01,-7.184220850467681885e-02,4.849916696548461914e-02,-1.152862980961799622e-01,1.564156860113143921e-01,3.909245505928993225e-02,2.827765643596649170e-01,-1.662430167198181152e-01,-6.735704094171524048e-02,-5.204642936587333679e-02,-3.024894557893276215e-02,-1.058757305145263672e-01,1.098538413643836975e-01,-3.799109905958175659e-02,2.159775495529174805e-01,2.239659130573272705e-01,4.420657753944396973e-01,3.705745339393615723e-01,6.092639565467834473e-01,3.596900105476379395e-01,-8.255989104509353638e-02,-1.494761705398559570e-01,2.707713469862937927e-02,5.191965401172637939e-02,2.709418535232543945e-03,1.101657599210739136e-01,2.367308735847473145e-01,2.382279932498931885e-01,5.985936522483825684e-02,-4.488329961895942688e-02,3.211656808853149414e-01,2.883672118186950684e-01,9.050343930721282959e-02,-9.221711754798889160e-02,-3.088703192770481110e-02,3.245151415467262268e-02,8.788819611072540283e-02,3.081716299057006836e-01,-3.900249302387237549e-02,2.603006064891815186e-01,-9.040131419897079468e-02,-4.680109024047851562e-02,3.557836264371871948e-02,-1.366836130619049072e-01,3.290230035781860352e-01,1.318822056055068970e-02,1.411669999361038208e-01,2.737926244735717773e-01,-6.766863912343978882e-02,-2.823009900748729706e-02,2.846665084362030029e-01,1.291401088237762451e-01,2.566008865833282471e-01,1.542807221412658691e-01,-1.095077320933341980e-01,3.852714598178863525e-02,2.556558549404144287e-01,4.254586696624755859e-01,3.688782155513763428e-01,3.453601002693176270e-01,1.742237620055675507e-02,-6.752654165029525757e-02,2.572254464030265808e-02,-1.865190826356410980e-02,-1.741449348628520966e-02,2.685046941041946411e-02,-2.234123460948467255e-02,6.571107357740402222e-02,-8.353661000728607178e-02,-1.055211946368217468e-01,1.944873854517936707e-02,-2.487056143581867218e-02,-2.586913993582129478e-03,-7.592653855681419373e-03,2.542423605918884277e-01,2.587057091295719147e-02,2.320938706398010254e-01,1.590063422918319702e-01,2.331870645284652710e-01,1.306309401988983154e-01,1.783602088689804077e-01,2.473516315221786499e-01,1.281052641570568085e-02,2.922812700271606445e-01,6.467830389738082886e-02,1.864817291498184204e-01,-1.719263494014739990e-01,1.434837132692337036e-01,-3.703382983803749084e-02,8.735188841819763184e-02,6.129857525229454041e-02,1.623103469610214233e-01,7.030079513788223267e-02,1.829500496387481689e-01,5.949328094720840454e-02,1.479475498199462891e-01,-5.756140872836112976e-02,-2.603339254856109619e-01,-2.249777764081954956e-01,1.989102810621261597e-01,-2.112845033407211304e-01,-1.852403432130813599e-01,7.756391167640686035e-02,1.620313525199890137e-02,1.154233440756797791e-01,1.129486188292503357e-01,8.461786806583404541e-02,-4.368050023913383484e-02
7.839705049991607666e-02,-1.379217952489852905e-01,1.900089830160140991e-01,3.369527757167816162e-01,3.459655046463012695e-01,1.000000000000000000e+00,3.178088665008544922e-01,3.898383677005767822e-01,5.356814265251159668e-01,4.552711546421051025e-01,1.153520494699478149e-01,9.491159766912460327e-02,3.562239706516265869e-01,2.676793634891510010e-01,4.247952997684478760e-01,1.775624155998229980e-01,-1.808444112539291382e-01,-1.294954270124435425e-01,1.951792649924755096e-02,-1.234208419919013977e-01,2.567461431026458740e-01,-2.048741839826107025e-02,2.190943360328674316e-01,2.307308167219161987e-01,2.252256274223327637e-01,3.559835255146026611e-01,4.432454109191894531e-01,5.429279208183288574e-01,-2.645810842514038086e-01,-1.932381242513656616e-01,-1.992052942514419556e-01,-1.803864836692810059e-01,-1.274553239345550537e-01,-1.237902790307998657e-01,3.339200317859649658e-01,2.822074592113494873e-01,1.349922269582748413e-01,2.589039131999015808e-02,3.306083977222442627e-01,1.952548772096633911e-01,8.762913756072521210e-03,4.615990445017814636e-02,1.903265565633773804e-01,1.673328727483749390e-01,2.750669121742248535e-01,3.425740003585815430e-01,1.183433905243873596e-01,2.067949026823043823e-01,1.136348471045494080e-01,-3.741253539919853210e-02,6.914438307285308838e-02,-1.280903965234756470e-01,2.663471996784210205e-01,8.183579146862030029e-02,9.399677067995071411e-02,3.534704744815826416e-01,-1.529263854026794434e-01,-1.039906665682792664e-01,3.433075249195098877e-01,1.897300183773040771e-01,1.955159306526184082e-01,2.418665289878845215e-01,-1.692131608724594116e-01,-7.533461600542068481e-02,3.239650130271911621e-01,4.283023178577423096e-01,4.569921791553497314e-01,3.885627090930938721e-01,1.598631590604782104e-01,9.709414839744567871e-02,1.079291775822639465e-01,-1.267797648906707764e-01,-1.709990799427032471e-01,-1.327344030141830444e-01,-2.353719323873519897e-01,-1.839415729045867920e-01,-5.282945558428764343e-02,-4.027087986469268799e-02,-1.790121048688888550e-01,-1.723806858062744141e-01,-1.696738004684448242e-01,-5.347820464521646500e-03,9.847144037485122681e-02,1.378988176584243774e-01,2.760630249977111816e-01,2.787589430809020996e-01,6.006354838609695435e-02,2.771604955196380615e-01,3.577858209609985352e-01,5.604441165924072266e-01,-3.165001748129725456e-03,4.915125966072082520e-01,2.511612176895141602e-01,4.223757386207580566e-01,-2.207247316837310791e-01,3.172447979450225830e-01,-4.799407348036766052e-02,2.296026051044464111e-01,4.458914976567029953e-03,3.182996511459350586e-01,9.322316944599151611e-02,3.115639090538024902e-01,-5.779027938842773438e-03,1.736998409032821655e-01,3.338215127587318420e-02,-3.452502489089965820e-01,-2.931831181049346924e-01,8.401765674352645874e-02,-2.262396812438964844e-01,-2.969205379486083984e-01,9.900918602943420410e-02,2.526218444108963013e-02,7.172490656375885010e-02,1.593729853630065918e-01,5.519186332821846008e-02,4.219510126858949661e-03
4.424581229686737061e-01,-2.142197079956531525e-02,5.790337324142456055e-01,2.999006509780883789e-01,3.348299562931060791e-01,3.178088665008544922e-01,1.000000000000000000e+00,4.294825494289398193e-01,4.090290665626525879e-01,9.974619746208190918e-02,2.672188580036163330e-01,7.069345563650131226e-02,4.632725119590759277e-01,2.143975645303726196e-01,3.460904955863952637e-01,-1.532569974660873413e-01,-6.610558182001113892e-02,-4.144720733165740967e-02,2.027605623006820679e-01,8.670891821384429932e-02,3.627827391028404236e-02,-9.177665412425994873e-02,2.241125702857971191e-01,9.435813128948211670e-02,1.407535225152969360e-01,1.374759376049041748e-01,3.311796486377716064e-01,1.859919726848602295e-01,-1.912518590688705444e-01,-1.569780856370925903e-01,-1.225533559918403625e-01,-2.879646234214305878e-02,2.901986539363861084e-01,2.843388915061950684e-01,1.573970168828964233e-01,9.916137158870697021e-02,-9.558052569627761841e-02,-1.291329115629196167e-01,1.461825072765350342e-01,2.506501972675323486e-02,-1.297614886425435543e-03,-8.126236498355865479e-02,-1.407379209995269775e-01,1.437460929155349731e-01,8.434417098760604858e-02,2.252641022205352783e-01,-2.208912186324596405e-02,1.898504793643951416e-01,-1.053624004125595093e-01,1.029509231448173523e-01,-2.125132381916046143e-01,1.125255599617958069e-01,1.564685404300689697e-01,1.252165734767913818e-01,2.316451370716094971e-01,3.175526559352874756e-01,4.415603820234537125e-03,-1.926750838756561279e-01,2.671099603176116943e-01,-2.943161129951477051e-02,2.709428369998931885e-01,-1.468769274652004242e-02,-9.668492525815963745e-02,1.414792388677597046e-01,2.483702749013900757e-01,2.729214429855346680e-01,4.640386402606964111e-01,2.859959006309509277e-01,3.436184525489807129e-01,3.199686706066131592e-01,8.279857784509658813e-02,-1.325080543756484985e-01,5.194111168384552002e-02,3.722251206636428833e-02,-2.351212315261363983e-02,4.422905668616294861e-02,-1.068030595779418945e-01,-3.212848007678985596e-01,-6.302260607481002808e-02,1.436820137314498425e-03,8.060718327760696411e-02,2.079941630363464355e-01,2.862387597560882568e-01,3.377234935760498047e-02,3.792709410190582275e-01,2.469708174467086792e-01,2.103812694549560547e-01,1.441237181425094604e-01,1.250424087047576904e-01,2.678372561931610107e-01,-4.390388354659080505e-02,3.902506530284881592e-01,1.345508396625518799e-01,4.320808947086334229e-01,-2.104918509721755981e-01,4.630100727081298828e-02,-1.267993599176406860e-01,1.844440102577209473e-01,-1.063811220228672028e-02,3.878084719181060791e-01,5.286278203129768372e-02,3.042128980159759521e-01,5.155252292752265930e-02,2.033940255641937256e-01,-1.234197169542312622e-01,-2.202745229005813599e-01,-7.684206962585449219e-02,1.686275899410247803e-01,-1.496322005987167358e-01,-1.416655033826828003e-01,-1.485385186970233917e-02,2.785286307334899902e-02,4.426712915301322937e-02,2.660980820655822754e-01,2.779996991157531738e-01,-1.951961219310760498e-01
3.113897144794464111e-02,-1.150338649749755859e-01,1.582506299018859863e-01,6.632242798805236816e-01,3.709915876388549805e-01,3.898383677005767822e-01,4.294825494289398193e-01,1.000000000000000000e+00,3.629450201988220215e-01,3.714351058006286621e-01,-4.700050130486488342e-02,-3.397113829851150513e-02,2.233834415674209595e-01,2.639157474040985107e-01,2.807166278362274170e-01,2.736763060092926025e-01,-3.535283356904983521e-02,-1.175478622317314148e-01,1.643811017274856567e-01,1.006720028817653656e-02,1.199610382318496704e-01,5.932885035872459412e-02,3.988367319107055664e-01,5.209409594535827637e-01,2.263971269130706787e-01,2.240786701440811157e-01,2.048106044530868530e-01,2.538951635360717773e-01,-1.542031466960906982e-01,-1.975287050008773804e-01,-2.769908308982849121e-02,1.470985915511846542e-02,2.755926735699176788e-02,1.483208984136581421e-01,1.663260161876678467e-01,1.988977193832397461e-01,-1.228928565979003906e-01,-2.530028820037841797e-01,3.721946477890014648e-02,6.622075289487838745e-02,-2.196923596784472466e-03,1.599862426519393921e-02,-1.082850471138954163e-01,4.618394747376441956e-02,8.838805556297302246e-02,3.100380301475524902e-01,-3.911324776709079742e-03,2.612437009811401367e-01,-6.168287247419357300e-02,5.844407528638839722e-02,-8.638175576925277710e-02,-2.392130531370639801e-02,1.486682295799255371e-01,7.470700889825820923e-02,1.021695360541343689e-01,1.874354481697082520e-01,-9.277151525020599365e-02,-4.427501931786537170e-02,6.059929355978965759e-02,3.555508255958557129e-01,1.175943240523338318e-01,4.236082732677459717e-01,-9.607459604740142822e-02,2.007605694234371185e-02,1.849293559789657593e-01,5.865989327430725098e-01,3.040598630905151367e-01,4.409439265727996826e-01,2.544828653335571289e-01,2.137039154767990112e-01,6.707029789686203003e-02,8.262731134891510010e-03,-1.742109954357147217e-01,-6.047611683607101440e-02,-1.379388570785522461e-01,-4.009531438350677490e-02,-2.238913476467132568e-01,-2.272865027189254761e-01,-2.749926410615444183e-02,-1.444152593612670898e-01,2.158411592245101929e-02,-9.371619671583175659e-02,2.006428837776184082e-01,4.571236670017242432e-02,2.019283771514892578e-01,1.790250241756439209e-01,1.627277582883834839e-01,1.276881694793701172e-01,1.444429308176040649e-01,2.552824020385742188e-01,2.678450755774974823e-02,1.878231018781661987e-01,4.062074795365333557e-02,2.086119912564754486e-02,-1.035722047090530396e-01,6.994300335645675659e-02,1.489835083484649658e-01,6.231069564819335938e-02,1.523897051811218262e-01,1.418986767530441284e-01,1.908757090568542480e-01,2.692563459277153015e-03,2.228036522865295410e-01,1.026087626814842224e-01,-4.373898729681968689e-02,-4.734296351671218872e-02,-7.753154635429382324e-02,1.970503777265548706e-01,-6.559726595878601074e-02,-1.242651194334030151e-01,6.069800257682800293e-02,7.281554490327835083e-02,8.751156926155090332e-02,1.677903681993484497e-01,1.994742304086685181e-01,1.356243342161178589e-01
1.902940869331359863e-01,-1.892002671957015991e-01,1.946696341037750244e-01,1.839245855808258057e-01,4.230436682701110840e-01,5.356814265251159668e-01,4.090290665626525879e-01,3.629450201988220215e-01,1.000000000000000000e+00,2.102602422237396240e-01,4.397314786911010742e-02,2.084266990423202515e-01,2.943044006824493408e-01,2.726095020771026611e-01,5.665723085403442383e-01,-1.085541695356369019e-01,-7.713794708251953125e-02,1.362177077680826187e-02,2.483700588345527649e-02,-1.045323312282562256e-01,6.798534840345382690e-02,-2.399038672447204590e-01,1.319962441921234131e-01,1.098639667034149170e-01,2.097881287336349487e-01,2.309015393257141113e-01,5.653858780860900879e-01,3.072864115238189697e-01,-1.544799506664276123e-01,-1.285164803266525269e-01,-2.520564794540405273e-01,-1.758789271116256714e-01,-7.791423797607421875e-02,6.407168507575988770e-02,3.713666796684265137e-01,3.578450381755828857e-01,9.698294103145599365e-02,1.325706243515014648e-01,3.452375233173370361e-01,1.120727583765983582e-01,1.139436438679695129e-01,1.496677845716476440e-02,1.857031881809234619e-02,5.008957535028457642e-02,1.021955311298370361e-01,3.498426079750061035e-01,5.831604450941085815e-02,2.552470862865447998e-01,-6.808847934007644653e-02,5.573856830596923828e-02,-2.772552147507667542e-02,2.796100266277790070e-02,2.164247781038284302e-01,1.551761925220489502e-01,1.846012920141220093e-01,3.632969558238983154e-01,-5.798029899597167969e-02,-2.027707844972610474e-01,2.209841758012771606e-01,1.448620259761810303e-01,1.168409809470176697e-01,1.633305698633193970e-01,-1.308953464031219482e-01,5.617626942694187164e-03,2.690337002277374268e-01,4.227448701858520508e-01,5.376688838005065918e-01,4.634014964103698730e-01,1.789266467094421387e-01,6.129536777734756470e-02,-9.780123829841613770e-02,-2.809747457504272461e-01,-1.411692202091217041e-01,-1.657556593418121338e-01,-6.790318340063095093e-02,-1.041405946016311646e-01,-6.349923461675643921e-02,-1.246539503335952759e-01,-3.265020623803138733e-02,-3.274419158697128296e-02,3.797649592161178589e-02,-1.178463082760572433e-02,8.032172918319702148e-02,-9.502886794507503510e-03,3.407215476036071777e-01,1.110486090183258057e-01,4.388656094670295715e-02,5.071428418159484863e-02,3.116903305053710938e-01,3.115597665309906006e-01,1.173595190048217773e-01,4.040257930755615234e-01,1.517161428928375244e-01,3.930918872356414795e-01,-2.121883034706115723e-01,2.231835722923278809e-01,3.617567569017410278e-02,2.199645936489105225e-01,2.673239633440971375e-02,3.234247267246246338e-01,1.201359406113624573e-01,2.974909543991088867e-01,2.398105524480342865e-02,1.881808042526245117e-01,1.440365426242351532e-02,-4.641036987304687500e-01,-1.865888535976409912e-01,1.567087918519973755e-01,-2.125986814498901367e-01,-3.027544617652893066e-01,1.262665092945098877e-01,8.437429368495941162e-02,1.640204638242721558e-01,2.026118785142898560e-01,1.523892432451248169e-01,-1.097302883863449097e-01
8.510933816432952881e-02,-1.906186155974864960e-02,-7.534636557102203369e-02,1.305190324783325195e-01,-7.184220850467681885e-02,4.552711546421051025e-01,9.974619746208190918e-02,3.714351058006286621e-01,2.102602422237396240e-01,1.000000000000000000e+00,1.189504861831665039e-01,3.140992224216461182e-01,2.377721220254898071e-01,4.218520224094390869e-01,2.435420155525207520e-01,4.955858290195465088e-01,-1.272626314312219620e-02,3.833463788032531738e-02,1.155178770422935486e-01,-4.507747478783130646e-03,-6.011237576603889465e-02,-1.235506832599639893e-01,1.289906352758407593e-01,1.710156649351119995e-01,8.708486333489418030e-03,1.268015801906585693e-01,-1.351039558649063110e-01,2.987221814692020416e-02,-1.398315429687500000e-01,-8.187755942344665527e-02,-2.617209255695343018e-01,-2.828000783920288086e-01,-2.322923839092254639e-01,-1.951905786991119385e-01,2.448646426200866699e-01,1.943655461072921753e-01,-5.385360866785049438e-02,4.556430876255035400e-02,-3.475045785307884216e-02,-6.275598704814910889e-02,-1.642044782638549805e-01,1.549550741910934448e-01,1.182687729597091675e-01,5.543544422835111618e-03,1.921793669462203979e-01,2.175965905189514160e-01,1.517824083566665649e-01,1.762530952692031860e-02,2.186535745859146118e-01,4.317300766706466675e-02,8.817782998085021973e-02,4.336468875408172607e-02,1.564969867467880249e-01,1.697004735469818115e-01,1.674754470586776733e-01,1.479736715555191040e-01,-3.378924727439880371e-02,1.276064366102218628e-01,1.353775262832641602e-01,3.067553639411926270e-01,-1.576328277587890625e-02,2.133037149906158447e-01,-9.665121138095855713e-02,-6.413652095943689346e-03,9.320003539323806763e-02,2.697798013687133789e-01,1.410744786262512207e-01,2.373729199171066284e-01,6.699106842279434204e-02,6.766731292009353638e-02,-5.332281440496444702e-02,-2.870473861694335938e-01,-2.803437113761901855e-01,-2.365513890981674194e-01,-3.544119000434875488e-01,-3.080875873565673828e-01,-1.676132529973983765e-01,-7.503248052671551704e-04,-1.958165019750595093e-01,-1.221567690372467041e-01,-1.004213467240333557e-01,5.098443944007158279e-03,-7.950276881456375122e-02,1.336752176284790039e-01,1.129677295684814453e-01,1.890332847833633423e-01,-3.950807452201843262e-02,1.524344980716705322e-01,3.339660465717315674e-01,2.833746671676635742e-01,1.908886730670928955e-01,2.450210601091384888e-01,3.511114716529846191e-01,2.146719247102737427e-01,-5.617702379822731018e-02,1.820136159658432007e-01,3.041055798530578613e-01,7.845019549131393433e-02,2.376833409070968628e-01,2.489313781261444092e-01,2.567788064479827881e-01,1.580289602279663086e-01,5.389775335788726807e-02,1.411851048469543457e-01,1.842661201953887939e-01,-7.821081578731536865e-02,-1.032257229089736938e-01,8.211024850606918335e-02,-6.941705942153930664e-02,-2.410332299768924713e-02,2.161353677511215210e-01,1.720933020114898682e-01,1.393341571092605591e-01,3.252790272235870361e-01,1.150420084595680237e-01,1.694253981113433838e-01
4.930417537689208984e-01,3.112305402755737305e-01,2.246268987655639648e-01,-1.921694912016391754e-02,4.849916696548461914e-02,1.153520494699478149e-01,2.672188580036163330e-01,-4.700050130486488342e-02,4.397314786911010742e-02,1.189504861831665039e-01,1.000000000000000000e+00,2.642245590686798096e-01,3.474709689617156982e-01,3.667680323123931885e-01,1.839935034513473511e-01,8.998037129640579224e-02,4.636856019496917725e-01,3.076853454113006592e-01,4.423837363719940186e-02,2.264186739921569824e-01,-8.839602023363113403e-02,-5.719156563282012939e-02,-1.259295493364334106e-01,-1.125141084194183350e-01,-3.719019144773483276e-02,6.491244584321975708e-02,1.076025739312171936e-01,1.907167434692382812e-01,3.412520587444305420e-01,3.121906816959381104e-01,-7.468266040086746216e-02,6.324706971645355225e-02,2.088807225227355957e-01,1.580406129360198975e-01,-7.307674735784530640e-02,-4.911753535270690918e-02,1.091615334153175354e-01,2.683000564575195312e-01,6.710461527109146118e-02,3.456797823309898376e-02,2.717551589012145996e-01,3.101097941398620605e-01,4.237519204616546631e-02,1.794461905956268311e-01,-6.284457445144653320e-02,-8.777908235788345337e-02,2.045944184064865112e-01,-1.190394759178161621e-01,1.401167176663875580e-02,6.296619772911071777e-02,2.099611759185791016e-01,4.251152649521827698e-02,7.219698280096054077e-02,5.376369878649711609e-02,1.968958079814910889e-01,2.028084099292755127e-01,3.426233530044555664e-01,2.417639344930648804e-01,2.804317176342010498e-01,-3.820396959781646729e-02,5.724875926971435547e-01,5.552696436643600464e-02,4.231719970703125000e-01,4.700937867164611816e-01,1.300146337598562241e-02,9.931036084890365601e-02,9.645229578018188477e-02,-2.490415237843990326e-02,4.455376882106065750e-03,7.833865284919738770e-02,-2.713143527507781982e-01,-2.914002239704132080e-01,2.516719400882720947e-01,1.446910798549652100e-01,-2.191483415663242340e-02,-8.833150379359722137e-03,9.377644956111907959e-02,2.927500605583190918e-01,3.293452560901641846e-01,2.434826344251632690e-01,4.330952465534210205e-01,3.415063023567199707e-01,3.335211798548698425e-02,1.176975741982460022e-01,2.478697896003723145e-01,2.070191800594329834e-01,-1.349662989377975464e-02,1.030342653393745422e-01,1.668217480182647705e-01,1.416370272636413574e-01,-1.545490920543670654e-01,-6.792669743299484253e-02,7.003115117549896240e-02,1.023788452148437500e-01,-3.402608335018157959e-01,9.497044980525970459e-02,-1.667983084917068481e-01,2.451808005571365356e-01,-1.595700718462467194e-02,-3.976999595761299133e-02,9.329207986593246460e-02,-4.558994621038436890e-02,3.553780540823936462e-02,-1.348279416561126709e-01,-2.682052552700042725e-01,1.701853424310684204e-02,5.532949790358543396e-02,-3.498055785894393921e-02,-2.344169914722442627e-01,-2.298810034990310669e-01,-1.057922020554542542e-01,-1.979461312294006348e-01,-2.223547697067260742e-01,2.872506082057952881e-01,3.134184777736663818e-01,-3.459572419524192810e-02
3.813482820987701416e-01,2.556650936603546143e-01,-3.030845522880554199e-02,-1.273491978645324707e-01,-1.152862980961799622e-01,9.491159766912460327e-02,7.069345563650131226e-02,-3.397113829851150513e-02,2.084266990423202515e-01,3.140992224216461182e-01,2.642245590686798096e-01,1.000000000000000000e+00,2.665482163429260254e-01,5.523469448089599609e-01,3.648571670055389404e-01,2.756696641445159912e-01,2.342739254236221313e-01,3.868360519409179688e-01,1.128298565745353699e-01,1.780634075403213501e-01,-1.556778699159622192e-01,-1.574740856885910034e-01,-1.529703885316848755e-01,-1.645477116107940674e-01,7.567974179983139038e-02,3.878171369433403015e-02,-2.229719795286655426e-02,-2.428221749141812325e-03,1.312420070171356201e-01,2.653470933437347412e-01,-2.179231643676757812e-01,-1.983782202005386353e-01,4.611011594533920288e-02,1.146523002535104752e-02,1.697225421667098999e-01,2.212291508913040161e-01,9.139586985111236572e-02,4.156288802623748779e-01,1.045659780502319336e-01,7.815954089164733887e-02,1.923452764749526978e-01,4.348680078983306885e-01,1.200169250369071960e-01,1.470266729593276978e-01,4.219713434576988220e-02,1.301956474781036377e-01,1.888678371906280518e-01,-6.152641400694847107e-02,1.349367648363113403e-01,3.406559824943542480e-01,-6.460693478584289551e-02,3.424952030181884766e-01,-1.483250260353088379e-01,2.306642979383468628e-01,1.847642809152603149e-01,2.416284531354904175e-01,2.701969444751739502e-01,1.896716356277465820e-01,2.005794644355773926e-02,1.863870173692703247e-01,-8.432698249816894531e-02,3.189457207918167114e-02,1.288474500179290771e-01,1.854577660560607910e-01,-8.125089854001998901e-02,6.708250939846038818e-02,1.136385351419448853e-01,1.739932596683502197e-01,2.856087312102317810e-02,7.728881388902664185e-02,-2.063673138618469238e-01,-2.497308552265167236e-01,3.758690878748893738e-02,7.341177202761173248e-03,-1.917999237775802612e-01,-1.106857955455780029e-01,3.444748371839523315e-02,1.909582465887069702e-01,1.667116731405258179e-01,3.065902292728424072e-01,2.496347725391387939e-01,2.344155758619308472e-01,1.264314260333776474e-02,-3.488087654113769531e-02,8.423908799886703491e-02,-8.326926082372665405e-02,7.809723168611526489e-02,-1.875892430543899536e-01,3.569087684154510498e-01,2.394138462841510773e-02,-2.813950926065444946e-02,1.771375983953475952e-01,1.956290900707244873e-01,1.724496781826019287e-01,-2.686877548694610596e-01,6.548520177602767944e-02,1.373474150896072388e-01,2.898483276367187500e-01,1.479052603244781494e-01,7.599204033613204956e-02,1.552784442901611328e-01,9.536603093147277832e-02,-3.180347755551338196e-02,5.573619157075881958e-02,-1.807265877723693848e-01,-1.789535880088806152e-01,-9.656818211078643799e-02,5.915551260113716125e-02,-1.419033855199813843e-01,-3.933177143335342407e-02,1.573734283447265625e-01,-2.099028788506984711e-02,4.627378191798925400e-03,2.441480010747909546e-01,1.531954109668731689e-01,-1.063837949186563492e-02
4.501191973686218262e-01,9.125190973281860352e-02,1.958677172660827637e-01,4.091126471757888794e-02,1.564156860113143921e-01,3.562239706516265869e-01,4.632725119590759277e-01,2.233834415674209595e-01,2.943044006824493408e-01,2.377721220254898071e-01,3.474709689617156982e-01,2.665482163429260254e-01,1.000000000000000000e+00,5.561861991882324219e-01,4.115991890430450439e-01,1.759239733219146729e-01,-1.257942914962768555e-01,-7.544145453721284866e-03,-6.522589176893234253e-02,1.757787764072418213e-01,-4.665075615048408508e-02,-1.909893155097961426e-01,-1.347540318965911865e-01,-1.077563762664794922e-01,4.723512753844261169e-02,8.666580170392990112e-02,1.218072175979614258e-01,1.142191588878631592e-01,3.557546809315681458e-02,4.453849792480468750e-02,-3.318043053150177002e-01,-2.730400860309600830e-01,8.402679115533828735e-03,-1.765896752476692200e-02,1.418667733669281006e-01,9.009156376123428345e-02,7.574605196714401245e-02,2.148912400007247925e-01,1.699235141277313232e-01,-1.015284806489944458e-01,8.823563158512115479e-02,2.368061095476150513e-01,-1.004021987318992615e-01,4.394348710775375366e-02,-9.135375916957855225e-02,1.374089438468217850e-02,4.481121525168418884e-02,-7.814726978540420532e-02,-7.345318049192428589e-02,-1.250510513782501221e-01,-8.504483848810195923e-02,-1.264843642711639404e-01,7.957540452480316162e-02,1.690163835883140564e-02,1.425321996212005615e-01,2.454813867807388306e-01,3.136429190635681152e-02,-1.042695716023445129e-01,3.243262171745300293e-01,-2.323789335787296295e-02,3.712297976016998291e-01,9.483095258474349976e-02,4.335720092058181763e-03,1.632613986730575562e-01,2.169402837753295898e-01,2.367432564496994019e-01,2.465437948703765869e-01,1.374462097883224487e-01,1.907500922679901123e-01,2.266993671655654907e-01,-1.315764933824539185e-01,-3.117275834083557129e-01,1.157380118966102600e-01,2.278987132012844086e-02,-6.936720013618469238e-02,3.255566209554672241e-02,2.463912591338157654e-02,7.147060334682464600e-02,-3.193625435233116150e-02,1.026267334818840027e-01,1.259985417127609253e-01,2.369669526815414429e-01,9.730596840381622314e-02,-1.032119765877723694e-01,3.654557764530181885e-01,5.202725157141685486e-02,-1.995728351175785065e-02,3.768393024802207947e-02,1.546273678541183472e-01,1.360239535570144653e-01,-1.013224106281995773e-02,3.305338919162750244e-01,1.693450659513473511e-01,3.998247981071472168e-01,-1.841917186975479126e-01,5.859528854489326477e-02,-6.809686124324798584e-02,1.365492492914199829e-01,-2.618015557527542114e-02,2.704456150531768799e-01,4.648294299840927124e-02,3.225160539150238037e-01,-3.404761105775833130e-02,1.347483843564987183e-01,-1.918396949768066406e-01,-1.834633350372314453e-01,-8.994401246309280396e-02,1.346535086631774902e-01,-1.625573486089706421e-01,-1.633966863155364990e-01,-1.148778200149536133e-01,-1.439169347286224365e-01,-1.469221338629722595e-02,2.958709299564361572e-01,3.123863041400909424e-01,-1.667120158672332764e-01
