1.000000000000000000e+00,4.604339003562927246e-01,2.087410092353820801e-01,2.845627963542938232e-01,2.619464695453643799e-01,2.318762391805648804e-01,2.236553877592086792e-01,2.018955349922180176e-01,1.496674418449401855e-01,2.033101171255111694e-01,4.893365204334259033e-01,3.987100124359130859e-01,4.225678145885467529e-01,1.942017823457717896e-01,2.748636603355407715e-01,2.983951270580291748e-01,1.202994585037231445e-01,1.535144448280334473e-01,2.897138297557830811e-01,3.292865455150604248e-01,1.595795601606369019e-01,2.219138741493225098e-01,1.314216405153274536e-01,1.369720101356506348e-01,6.720843911170959473e-02,2.322432398796081543e-01,2.188276797533035278e-01,2.659949660301208496e-01,5.378911271691322327e-02,-3.255368769168853760e-02,-5.757156014442443848e-02,3.453609719872474670e-02,3.809363543987274170e-01,2.633340656757354736e-01,2.048448324203491211e-01,2.215346246957778931e-01,1.125876158475875854e-01,6.577423959970474243e-02,2.797853648662567139e-01,3.093722164630889893e-01,1.878896914422512054e-02,9.595365077257156372e-02,2.458949387073516846e-01,1.199406534433364868e-01,2.260000556707382202e-01,1.884504556655883789e-01,1.895545274019241333e-01,2.249489724636077881e-01,9.053000062704086304e-02,7.942936569452285767e-02,2.363193780183792114e-01,3.653676807880401611e-02,2.513285577297210693e-01,3.504592478275299072e-01,1.439689695835113525e-01,4.835375249385833740e-01,7.032085657119750977e-01,3.468425869941711426e-01,4.828041195869445801e-01,3.244649171829223633e-01,5.908221006393432617e-01,3.399850130081176758e-01,3.842523396015167236e-01,3.921610713005065918e-01,2.401505559682846069e-01,4.453579187393188477e-01,3.305571973323822021e-01,2.749206125736236572e-01,1.104998886585235596e-01,8.296110481023788452e-02,1.217062398791313171e-01,1.608971506357192993e-01,1.055542752146720886e-01,1.850228160619735718e-01,-1.726209968328475952e-01,9.473907202482223511e-02,9.297878295183181763e-02,9.062669426202774048e-02,1.773673892021179199e-01,4.435320571064949036e-02,1.698230206966400146e-01,4.260231852531433105e-01,1.412102580070495605e-01,2.343157529830932617e-01,3.696031272411346436e-01,4.933350086212158203e-01,-8.756055682897567749e-02,1.126131862401962280e-01,1.742758303880691528e-01,4.297373592853546143e-01,1.641570776700973511e-01,1.312155574560165405e-01,-7.601881027221679688e-02,2.597563564777374268e-01,-2.096430957317352295e-01,1.586688011884689331e-01,2.617188394069671631e-01,3.822068870067596436e-01,3.803713023662567139e-01,3.051597177982330322e-01,-1.118958964943885803e-01,3.091814815998077393e-01,1.116443201899528503e-01,2.069067806005477905e-01,-2.980927824974060059e-01,1.973827481269836426e-01,-2.081868350505828857e-01,1.208372414112091064e-01,-1.462540924549102783e-01,-1.968668401241302490e-01,3.527204692363739014e-01,2.083839476108551025e-01,2.392572611570358276e-01,2.451373077929019928e-02,1.998774558305740356e-01,-2.074956428259611130e-03
4.604339003562927246e-01,1.000000000000000000e+00,3.958266228437423706e-02,2.514521479606628418e-01,1.310378164052963257e-01,1.359018534421920776e-01,2.496390789747238159e-01,3.284877240657806396e-01,2.288098335266113281e-01,1.141768842935562134e-01,3.034525513648986816e-01,4.632096290588378906e-01,1.162914112210273743e-01,2.714893519878387451e-01,1.747071743011474609e-01,2.476548850536346436e-01,6.022080034017562866e-02,1.237532496452331543e-01,3.559717833995819092e-01,5.346625447273254395e-01,-3.022641874849796295e-02,1.200824081897735596e-01,9.495617449283599854e-02,5.739514529705047607e-02,-5.543624516576528549e-03,1.045701801776885986e-01,6.634749472141265869e-02,1.148361340165138245e-01,1.030865777283906937e-02,6.447071582078933716e-02,5.616896972060203552e-02,-7.664143294095993042e-02,1.487620919942855835e-01,2.081394493579864502e-01,9.006065875291824341e-02,8.462915569543838501e-02,-7.610287517309188843e-02,7.203263044357299805e-02,-1.617135405540466309e-01,1.692092120647430420e-01,-1.345022171735763550e-01,1.707550734281539917e-01,3.006871044635772705e-01,1.620375365018844604e-01,-2.674055285751819611e-03,1.709790378808975220e-01,1.676928550004959106e-01,2.870170176029205322e-01,5.344055593013763428e-02,1.636817157268524170e-01,3.049494922161102295e-01,1.936941295862197876e-01,3.116641640663146973e-01,3.646329343318939209e-01,-5.639137327671051025e-02,3.254377245903015137e-01,4.859870970249176025e-01,5.881993770599365234e-01,4.098896384239196777e-01,4.194478392601013184e-01,4.205821752548217773e-01,2.563332617282867432e-01,1.363887488842010498e-01,2.524094581604003906e-01,-8.279828727245330811e-02,1.919391155242919922e-01,1.401253789663314819e-01,1.213682293891906738e-01,1.132218241691589355e-01,2.310076355934143066e-01,-2.095895446836948395e-02,2.377984523773193359e-01,6.622716039419174194e-02,2.848487794399261475e-01,1.314649879932403564e-01,2.415974140167236328e-01,-8.627744019031524658e-02,1.102060675621032715e-01,7.999733835458755493e-02,-2.776410616934299469e-02,3.485887870192527771e-02,2.180959135293960571e-01,-9.205947816371917725e-02,2.570739090442657471e-01,1.442402452230453491e-01,3.996225893497467041e-01,-3.068927824497222900e-01,1.694472730159759521e-01,2.402081340551376343e-01,3.710265755653381348e-01,2.232929617166519165e-01,1.323914378881454468e-01,-9.769748151302337646e-02,1.027061119675636292e-01,-9.501060843467712402e-02,-8.256530016660690308e-02,2.057258635759353638e-01,1.328757405281066895e-01,4.038961529731750488e-01,3.231213688850402832e-01,-1.133047044277191162e-03,1.516492217779159546e-01,2.291102558374404907e-01,1.611082702875137329e-01,4.477260261774063110e-02,-7.053471356630325317e-02,1.962949931621551514e-01,9.131325781345367432e-02,-7.933505624532699585e-02,-8.354349434375762939e-02,2.865587472915649414e-01,4.076677560806274414e-01,2.944940328598022461e-01,8.591514080762863159e-02,-1.390209794044494629e-01,-1.679069697856903076e-01
2.087410092353820801e-01,3.958266228437423706e-02,1.000000000000000000e+00,1.816121041774749756e-01,1.473206281661987305e-01,-6.785200536251068115e-02,4.648475944995880127e-01,8.961486071348190308e-02,1.613256186246871948e-01,2.554437518119812012e-01,1.472512632608413696e-01,-1.367077827453613281e-01,3.184624314308166504e-01,4.729737713932991028e-02,5.537375211715698242e-01,4.277552068233489990e-01,-1.751250624656677246e-01,-2.337463051080703735e-01,3.069631457328796387e-01,6.561267375946044922e-02,1.877691149711608887e-01,1.976854652166366577e-01,6.511532664299011230e-01,5.705189704895019531e-01,-2.288400083780288696e-01,-1.687391400337219238e-01,1.216806992888450623e-01,2.367178536951541901e-02,-1.146632954478263855e-01,-2.605637013912200928e-01,3.960637748241424561e-01,3.554777801036834717e-01,2.382333129644393921e-01,2.441223114728927612e-01,3.788035511970520020e-01,2.434015423059463501e-01,1.779587864875793457e-01,-1.010701581835746765e-01,5.492901429533958435e-03,4.016602411866188049e-02,1.077361032366752625e-01,-3.831597417593002319e-02,1.517596691846847534e-01,1.650411039590835571e-01,1.018674150109291077e-01,2.027137726545333862e-01,1.074870899319648743e-01,1.505195796489715576e-01,4.954256117343902588e-02,2.922360599040985107e-01,3.641284704208374023e-01,3.288339972496032715e-01,4.685366749763488770e-01,3.589866161346435547e-01,1.018306836485862732e-01,2.282308936119079590e-01,1.334250718355178833e-01,-2.696715481579303741e-02,4.525557160377502441e-02,1.731066703796386719e-01,2.805930078029632568e-01,3.017895519733428955e-01,-5.390407145023345947e-02,1.069226488471031189e-01,3.469963073730468750e-01,2.593216300010681152e-01,2.524440884590148926e-01,1.735362708568572998e-01,4.156282171607017517e-02,-5.766632407903671265e-02,1.135872527956962585e-01,2.151946276426315308e-01,8.902907371520996094e-02,-4.540474340319633484e-02,2.255227230489253998e-02,2.007438428699970245e-02,-1.059806123375892639e-01,-1.227950006723403931e-01,-6.189500540494918823e-02,-9.002228826284408569e-02,9.889216162264347076e-03,1.469071954488754272e-01,3.953112065792083740e-01,1.418532431125640869e-01,3.965719640254974365e-01,4.102603495121002197e-01,3.061611391603946686e-02,3.074289262294769287e-01,4.374499619007110596e-01,3.974042236804962158e-01,1.324382871389389038e-01,1.673521101474761963e-01,8.659586310386657715e-02,2.097244262695312500e-01,-8.299862965941429138e-03,1.846629381179809570e-01,1.385460495948791504e-01,1.390574872493743896e-01,9.360734373331069946e-03,7.896531373262405396e-02,2.065275795757770538e-02,8.320531994104385376e-02,1.411372125148773193e-01,-1.782551258802413940e-01,-2.537932014092803001e-03,8.323659747838973999e-02,2.661542966961860657e-02,1.430341452360153198e-01,4.212721064686775208e-02,-3.420223295688629150e-02,3.833772838115692139e-01,1.025002524256706238e-01,-6.483245640993118286e-02,-4.863971844315528870e-02,-2.434334484860301018e-03,-2.061077207326889038e-01
2.845627963542938232e-01,2.514521479606628418e-01,1.816121041774749756e-01,1.000000000000000000e+00,3.387922644615173340e-01,2.328719496726989746e-01,3.315440118312835693e-01,6.100848317146301270e-01,1.728948354721069336e-01,2.807614505290985107e-01,4.094512388110160828e-02,1.055010855197906494e-01,2.419766038656234741e-02,1.815429180860519409e-01,9.628856182098388672e-02,2.231487184762954712e-01,-6.825600564479827881e-02,-9.529914706945419312e-03,2.873369455337524414e-01,4.132053554058074951e-01,2.370361536741256714e-01,4.062900841236114502e-01,2.153449654579162598e-01,4.007952511310577393e-01,3.264701738953590393e-02,2.780255079269409180e-01,1.441881954669952393e-01,3.056572973728179932e-01,-1.699634194374084473e-01,-1.623235195875167847e-01,-4.646806046366691589e-02,1.222645770758390427e-02,1.417819559574127197e-01,2.679062485694885254e-01,4.237720072269439697e-01,3.543564081192016602e-01,1.060783118009567261e-01,-7.207557559013366699e-02,3.650566339492797852e-01,9.471327648498117924e-04,1.915058940649032593e-01,2.096556127071380615e-02,1.260949820280075073e-01,-7.964815199375152588e-02,1.967667602002620697e-02,1.268655657768249512e-01,-1.655061915516853333e-02,1.328819841146469116e-01,-1.210448145866394043e-01,-8.301254361867904663e-02,1.537615507841110229e-01,-5.288272351026535034e-02,3.541975021362304688e-01,4.154042601585388184e-01,1.908751875162124634e-01,2.162613868713378906e-01,1.820670217275619507e-01,2.525863051414489746e-01,2.213552594184875488e-01,4.299755394458770752e-01,3.574626743793487549e-01,4.129941761493682861e-01,3.895412012934684753e-02,2.487282603979110718e-01,3.133370280265808105e-01,4.644893705844879150e-01,3.941654562950134277e-01,4.411922693252563477e-01,4.059133529663085938e-01,4.130430221557617188e-01,-2.512755393981933594e-01,-8.277139812707901001e-02,-1.997900754213333130e-01,1.129031926393508911e-01,-1.858586966991424561e-01,-1.537277735769748688e-02,-5.481688678264617920e-02,-8.811869472265243530e-02,1.143017187714576721e-01,1.433156430721282959e-01,1.007496789097785950e-01,2.781565487384796143e-01,7.352530211210250854e-02,2.165362983942031860e-01,4.087129533290863037e-01,4.443196058273315430e-01,1.228598132729530334e-02,2.490947097539901733e-01,3.268338739871978760e-01,3.937475979328155518e-01,4.695082008838653564e-01,2.566318213939666748e-01,3.456513583660125732e-01,2.919383943080902100e-01,2.692361176013946533e-02,1.438869684934616089e-01,3.444967567920684814e-01,1.364572197198867798e-01,4.846557080745697021e-01,3.070967197418212891e-01,-4.448629543185234070e-02,3.665334582328796387e-01,2.984690964221954346e-01,2.781708836555480957e-01,2.383955866098403931e-01,2.328168451786041260e-01,8.535433560609817505e-02,1.735577732324600220e-01,2.539609186351299286e-02,-9.640935808420181274e-02,3.329958021640777588e-01,1.763233393430709839e-01,1.348684877157211304e-01,6.300402339547872543e-03,1.774895787239074707e-01,-8.555474691092967987e-03
2.619464695453643799e-01,1.310378164052963257e-01,1.473206281661987305e-01,3.387922644615173340e-01,1.000000000000000000e+00,2.637769281864166260e-01,3.137354850769042969e-01,1.478580534458160400e-01,4.920637309551239014e-01,-2.190811932086944580e-01,2.323341816663742065e-01,1.202295497059822083e-01,1.153877228498458862e-01,3.366295713931322098e-03,3.659105896949768066e-01,2.209482491016387939e-01,5.579533800482749939e-02,1.097781136631965637e-01,3.061024248600006104e-01,3.185131847858428955e-01,2.279962748289108276e-01,2.188564538955688477e-01,2.413782179355621338e-01,1.529195010662078857e-01,4.545089900493621826e-01,3.169567584991455078e-01,4.791188538074493408e-01,4.237188994884490967e-01,1.423821896314620972e-01,6.181734055280685425e-02,-3.501891344785690308e-02,5.928681418299674988e-02,2.341508120298385620e-01,2.790046036243438721e-01,4.568560421466827393e-02,1.930480301380157471e-01,1.239873915910720825e-01,-2.080247104167938232e-01,2.321586757898330688e-01,9.323079884052276611e-02,1.303804814815521240e-01,3.641912043094635010e-01,1.563606709241867065e-01,1.203172355890274048e-01,-5.886128917336463928e-02,6.691905111074447632e-02,1.694098114967346191e-01,2.098693102598190308e-01,-6.248236447572708130e-02,-1.785460300743579865e-02,-2.299697510898113251e-02,4.908913280814886093e-03,2.022779434919357300e-01,1.361228227615356445e-01,1.892584413290023804e-01,4.124097228050231934e-01,1.845502555370330811e-01,2.423630952835083008e-01,1.155014112591743469e-01,2.419874072074890137e-01,3.104579150676727295e-01,2.527064085006713867e-01,2.012582123279571533e-01,2.595310211181640625e-01,1.545120775699615479e-01,1.470093429088592529e-01,1.099769622087478638e-01,1.602199524641036987e-01,3.488986566662788391e-02,1.574806571006774902e-01,-2.255749329924583435e-02,-1.352880299091339111e-01,-3.747751936316490173e-02,9.727414697408676147e-02,-2.655415534973144531e-01,3.719692304730415344e-02,-2.629923522472381592e-01,-2.322984784841537476e-01,1.107581555843353271e-01,1.048611998558044434e-01,1.124833077192306519e-01,2.153204083442687988e-01,1.033039316534996033e-01,4.028014093637466431e-02,2.387813925743103027e-01,1.609925031661987305e-01,-2.277364768087863922e-02,1.559569686651229858e-01,2.209579795598983765e-01,3.364423215389251709e-01,3.097507357597351074e-01,1.143809929490089417e-01,1.425642371177673340e-01,2.330144792795181274e-01,-3.836012631654739380e-02,1.772568374872207642e-01,1.665929853916168213e-01,2.606691122055053711e-01,3.416537642478942871e-01,3.864467144012451172e-01,-3.792507573962211609e-02,3.073177337646484375e-01,-5.004253704100847244e-03,8.004120551049709320e-03,-5.880400910973548889e-02,7.800749503076076508e-03,1.738073118031024933e-02,8.637022972106933594e-02,3.046573325991630554e-02,-2.222117185592651367e-01,2.315288186073303223e-01,1.126209050416946411e-01,2.512853443622589111e-01,1.181566938757896423e-01,1.469582766294479370e-01,-7.043818384408950806e-02
2.318762391805648804e-01,1.359018534421920776e-01,-6.785200536251068115e-02,2.328719496726989746e-01,2.637769281864166260e-01,1.000000000000000000e+00,1.670522242784500122e-01,1.443966031074523926e-01,1.815403997898101807e-01,3.736553192138671875e-01,1.293858140707015991e-01,1.690827310085296631e-01,4.416421055793762207e-02,2.009149491786956787e-01,6.075317785143852234e-02,3.417162299156188965e-01,-2.247662842273712158e-02,1.933841258287429810e-01,9.772340953350067139e-02,2.512791752815246582e-01,8.054826408624649048e-02,3.464480936527252197e-01,1.207619532942771912e-01,1.459163874387741089e-01,2.780242264270782471e-01,5.633422136306762695e-01,-1.199151948094367981e-01,5.263416171073913574e-01,-1.272354125976562500e-01,-7.169584929943084717e-02,-2.482615113258361816e-01,-1.107505410909652710e-01,-4.809550009667873383e-03,-1.102350950241088867e-01,4.742388799786567688e-02,1.025299280881881714e-01,-4.775299131870269775e-02,-2.673813886940479279e-02,1.484357416629791260e-01,1.533399820327758789e-01,-2.014884352684020996e-01,5.364588648080825806e-02,1.749780029058456421e-01,2.048072777688503265e-02,-9.899669140577316284e-02,-5.901615321636199951e-02,1.619404703378677368e-01,5.405610427260398865e-02,-1.484367996454238892e-01,-3.273646533489227295e-01,-1.637808084487915039e-01,-2.555309236049652100e-01,1.090514510869979858e-01,-8.709329366683959961e-02,7.307679392397403717e-03,3.407884761691093445e-02,1.261773407459259033e-01,1.200170889496803284e-01,-7.835425436496734619e-03,1.782436966896057129e-01,1.375075280666351318e-01,2.635850012302398682e-01,3.200436010956764221e-02,5.686053540557622910e-03,3.678121864795684814e-01,2.278311103582382202e-01,4.274073988199234009e-02,1.311268806457519531e-01,-2.387413568794727325e-02,3.554462455213069916e-03,-6.194120645523071289e-02,3.972253948450088501e-02,-9.650661051273345947e-02,1.660079061985015869e-01,5.603624507784843445e-02,1.857474595308303833e-01,-9.115123189985752106e-03,5.396355688571929932e-02,1.024275198578834534e-01,9.788241982460021973e-02,-8.295681327581405640e-02,2.919846475124359131e-01,-1.322656273841857910e-01,1.817188113927841187e-01,3.284089863300323486e-01,2.417447566986083984e-01,-3.856287002563476562e-01,-5.076593533158302307e-02,2.568543553352355957e-01,6.854122132062911987e-02,1.959573626518249512e-01,1.071777120232582092e-01,1.209014803171157837e-01,1.220401972532272339e-01,1.456756293773651123e-01,2.423053383827209473e-01,2.962840795516967773e-01,2.103618085384368896e-01,2.824088633060455322e-01,3.768598660826683044e-02,-1.244280487298965454e-01,7.313064765185117722e-03,9.795823134481906891e-03,2.615502662956714630e-02,4.949934035539627075e-02,2.537910640239715576e-01,-6.623879075050354004e-02,1.536084264516830444e-01,2.638537809252738953e-02,7.273923605680465698e-02,1.431353539228439331e-01,-9.451772272586822510e-02,4.473695531487464905e-02,-9.463486820459365845e-02,-8.095981180667877197e-02,-1.594279333949089050e-02
2.236553877592086792e-01,2.496390789747238159e-01,4.648475944995880127e-01,3.315440118312835693e-01,3.137354850769042969e-01,1.670522242784500122e-01,1.000000000000000000e+00,2.342682927846908569e-01,3.792480528354644775e-01,2.355729043483734131e-01,1.003004983067512512e-01,1.449037790298461914e-01,1.999319344758987427e-01,3.539647907018661499e-02,3.283032178878784180e-01,4.274970889091491699e-01,-3.867531195282936096e-02,4.794545844197273254e-02,1.494710296392440796e-01,2.314061671495437622e-01,7.372453063726425171e-02,2.108452320098876953e-01,2.494728565216064453e-01,3.573853969573974609e-01,-1.615988165140151978e-01,-5.172743275761604309e-02,1.416995823383331299e-01,2.062911242246627808e-01,-4.046026989817619324e-02,-1.059438847005367279e-02,1.973381452262401581e-02,1.676908880472183228e-02,5.154334008693695068e-02,1.250419467687606812e-01,1.605348587036132812e-01,7.303233444690704346e-02,5.212531425058841705e-03,-2.182868272066116333e-01,3.697425872087478638e-02,8.250668644905090332e-02,9.613405168056488037e-02,-7.137914001941680908e-02,7.425779849290847778e-02,1.890787109732627869e-02,2.304933778941631317e-02,2.075643539428710938e-01,1.077644601464271545e-01,1.196579188108444214e-01,-1.362073421478271484e-01,1.727072894573211670e-02,3.198820948600769043e-01,1.302556842565536499e-01,3.631938695907592773e-01,3.929856419563293457e-01,1.146152764558792114e-01,2.674501538276672363e-01,6.607137620449066162e-02,6.861577928066253662e-02,1.169824078679084778e-01,2.450936138629913330e-01,4.037233591079711914e-01,4.675399065017700195e-01,-4.353867843747138977e-02,2.380263954401016235e-01,2.918834984302520752e-01,3.138106465339660645e-01,1.471900045871734619e-01,1.149455234408378601e-01,-4.555088654160499573e-02,3.388835489749908447e-02,-1.720391958951950073e-01,3.709709271788597107e-02,4.528094548732042313e-03,2.982176840305328369e-01,1.020911033265292645e-03,1.448035240173339844e-01,-1.333560645580291748e-01,2.322956360876560211e-02,5.749551951885223389e-02,7.432857900857925415e-02,-2.742074616253376007e-02,2.365057766437530518e-01,1.493376940488815308e-01,1.172351762652397156e-01,3.631683290004730225e-01,4.920321106910705566e-01,-1.328845024108886719e-01,1.566993594169616699e-01,4.031690955162048340e-01,4.576281905174255371e-01,2.321563661098480225e-01,4.169106185436248779e-01,8.061593025922775269e-02,2.300429344177246094e-01,-4.719553887844085693e-02,1.434434801340103149e-01,2.731882035732269287e-01,2.160761505365371704e-01,2.299847751855850220e-01,1.979715675115585327e-01,-3.796593099832534790e-02,1.724979728460311890e-01,1.056979671120643616e-01,-3.317778185009956360e-02,2.825829014182090759e-02,-3.516375273466110229e-02,3.442676737904548645e-02,2.462117969989776611e-01,-5.964359268546104431e-02,-8.041801303625106812e-02,3.548856973648071289e-01,1.894090473651885986e-01,1.002691760659217834e-01,-8.506143093109130859e-02,-7.319441437721252441e-02,-1.806172281503677368e-01
2.018955349922180176e-01,3.284877240657806396e-01,8.961486071348190308e-02,6.100848317146301270e-01,1.478580534458160400e-01,1.443966031074523926e-01,2.342682927846908569e-01,1.000000000000000000e+00,1.112531274557113647e-01,3.376566469669342041e-01,1.467067450284957886e-01,3.688678443431854248e-01,7.403793931007385254e-02,5.288322567939758301e-01,1.209671869874000549e-01,1.479789912700653076e-01,-3.742241114377975464e-02,1.677230931818485260e-02,3.249881267547607422e-01,3.549130856990814209e-01,1.983884349465370178e-02,1.708566397428512573e-01,1.892567873001098633e-01,2.447139173746109009e-01,-9.786778688430786133e-02,5.285984277725219727e-02,2.374035120010375977e-02,3.681236505508422852e-02,4.001039545983076096e-03,8.433223515748977661e-02,-1.854303851723670959e-02,8.027976145967841148e-04,1.133663058280944824e-01,1.494379192590713501e-01,2.196645289659500122e-01,1.195342987775802612e-01,-1.338199526071548462e-02,-1.516810953617095947e-01,7.149992138147354126e-02,-3.186915814876556396e-02,7.254359871149063110e-02,-6.534140557050704956e-03,2.607778012752532959e-01,5.566453188657760620e-02,5.679140239953994751e-02,7.631532847881317139e-02,1.580743342638015747e-01,2.076388001441955566e-01,-1.043210625648498535e-01,-6.245261803269386292e-02,1.021113991737365723e-02,2.450887113809585571e-03,2.919999659061431885e-01,3.382946252822875977e-01,1.220132336020469666e-01,1.870204061269760132e-01,1.661290228366851807e-01,3.093567192554473877e-01,1.633189916610717773e-01,3.327902257442474365e-01,3.075879514217376709e-01,3.527014851570129395e-01,3.257429972290992737e-02,3.704034984111785889e-01,1.289100497961044312e-01,2.492152005434036255e-01,1.839607208967208862e-01,1.699823290109634399e-01,1.720861494541168213e-01,2.275406271219253540e-01,-9.473653882741928101e-02,5.147241428494453430e-02,-2.228310145437717438e-02,1.941972374916076660e-01,-3.029328957200050354e-02,3.932384774088859558e-02,9.053380787372589111e-02,1.127636153250932693e-02,1.625782847404479980e-01,2.172138094902038574e-01,1.216515004634857178e-01,1.274800151586532593e-01,1.836805641651153564e-01,1.766805350780487061e-01,3.093268573284149170e-01,3.727450072765350342e-01,-4.699729010462760925e-02,3.131968975067138672e-01,2.256259769201278687e-01,3.751512467861175537e-01,3.697813749313354492e-01,1.435469686985015869e-01,1.705555021762847900e-01,1.074296236038208008e-01,-6.960298866033554077e-02,8.813844062387943268e-03,1.641467064619064331e-01,8.978475630283355713e-02,3.986442685127258301e-01,1.992079466581344604e-01,2.171188443899154663e-01,1.270769983530044556e-01,4.265912175178527832e-01,1.050962433218955994e-01,7.340540178120136261e-04,1.371533125638961792e-01,1.080080121755599976e-01,1.790687292814254761e-01,-4.447603598237037659e-02,-3.789852606132626534e-03,3.509230017662048340e-01,5.209302902221679688e-02,2.746555954217910767e-02,-6.196985766291618347e-02,2.071973495185375214e-02,-1.705994755029678345e-01
1.496674418449401855e-01,2.288098335266113281e-01,1.613256186246871948e-01,1.728948354721069336e-01,4.920637309551239014e-01,1.815403997898101807e-01,3.792480528354644775e-01,1.112531274557113647e-01,1.000000000000000000e+00,-8.547637611627578735e-03,2.393223792314529419e-01,6.792886555194854736e-02,2.506338357925415039e-01,1.774130575358867645e-02,3.669115006923675537e-01,3.320566415786743164e-01,-5.449324846267700195e-02,-6.265324540436267853e-03,4.133545160293579102e-01,3.887156248092651367e-01,5.586183816194534302e-02,1.031629741191864014e-01,2.437002062797546387e-01,1.129728332161903381e-01,2.259938865900039673e-01,1.819096058607101440e-01,8.832755684852600098e-02,1.562109440565109253e-01,1.022449284791946411e-01,-1.307783822994679213e-04,9.336587041616439819e-03,-5.467442423105239868e-02,1.347574293613433838e-01,1.296527683734893799e-01,-1.819208562374114990e-01,-3.889447078108787537e-02,-8.388271182775497437e-02,-2.099128663539886475e-01,-1.786696016788482666e-01,1.152358949184417725e-01,-2.226779935881495476e-03,2.437095493078231812e-01,1.364939361810684204e-01,2.530378103256225586e-01,-1.480955183506011963e-01,1.345874071121215820e-01,1.931152194738388062e-01,2.143545746803283691e-01,-4.570287466049194336e-02,3.600456938147544861e-02,3.793675079941749573e-02,1.406476646661758423e-01,2.337108999490737915e-01,1.494892686605453491e-01,-1.276055723428726196e-01,2.373410463333129883e-01,9.807218611240386963e-02,1.581436246633529663e-01,7.194732874631881714e-02,2.054469287395477295e-01,2.026619911193847656e-01,9.779509156942367554e-02,1.131707523018121719e-02,6.463441252708435059e-02,-7.086776942014694214e-02,-5.885561555624008179e-02,-1.301374137401580811e-01,-8.034268766641616821e-02,1.643494516611099243e-02,1.756946593523025513e-01,2.148342691361904144e-02,-7.816412486135959625e-03,5.979741364717483521e-02,1.889430880546569824e-01,9.298671782016754150e-02,1.591541469097137451e-01,-3.261564075946807861e-01,-3.545759320259094238e-01,6.639254838228225708e-02,5.366960912942886353e-02,9.796930849552154541e-02,1.909992694854736328e-01,1.116951927542686462e-01,1.689476519823074341e-01,1.021688506007194519e-01,1.649926155805587769e-01,-1.957900822162628174e-01,1.382263600826263428e-01,2.183388322591781616e-01,3.473657071590423584e-01,1.935111433267593384e-01,2.636239528656005859e-01,6.916867196559906006e-02,2.025513648986816406e-01,-5.508771166205406189e-02,-1.567878876812756062e-03,-3.929306939244270325e-02,1.533056646585464478e-01,1.334657967090606689e-01,2.266040295362472534e-01,9.396301466040313244e-04,1.464037001132965088e-01,1.237661205232143402e-02,-5.135834962129592896e-02,-1.163161844015121460e-01,-2.120125740766525269e-01,9.093787521123886108e-02,1.054826602339744568e-01,9.953239932656288147e-03,-1.302339434623718262e-01,1.328502893447875977e-01,6.624418497085571289e-02,2.727024555206298828e-01,1.177770346403121948e-01,5.523288995027542114e-02,-7.589031010866165161e-02
2.033101171255111694e-01,1.141768842935562134e-01,2.554437518119812012e-01,2.807614505290985107e-01,-2.190811932086944580e-01,3.736553192138671875e-01,2.355729043483734131e-01,3.376566469669342041e-01,-8.547637611627578735e-03,1.000000000000000000e+00,3.199217095971107483e-02,1.384072303771972656e-01,7.315164804458618164e-02,3.470223546028137207e-01,1.513378471136093140e-01,4.982025623321533203e-01,-7.610498368740081787e-02,-4.531304165720939636e-02,4.431245476007461548e-02,1.505352407693862915e-01,1.299905478954315186e-01,3.046598434448242188e-01,2.462297528982162476e-01,3.063626587390899658e-01,-4.395234286785125732e-01,-1.470783352851867676e-02,-2.893861234188079834e-01,-7.326082792133092880e-03,-1.900523304939270020e-01,-1.667279601097106934e-01,-4.757050424814224243e-02,1.769002526998519897e-03,6.755471974611282349e-02,-2.557263895869255066e-02,2.813516557216644287e-01,1.067290529608726501e-01,7.676814496517181396e-02,1.077198162674903870e-01,3.302897140383720398e-02,-5.448377504944801331e-02,-4.119274392724037170e-02,-4.224353730678558350e-01,2.334251701831817627e-01,1.791219562292098999e-01,2.616288065910339355e-01,2.351302355527877808e-01,1.829711198806762695e-01,6.084879487752914429e-02,-2.416688017547130585e-02,-1.651307344436645508e-01,1.266084760427474976e-01,-6.340187042951583862e-02,1.656109541654586792e-01,3.530785068869590759e-02,7.297474890947341919e-02,-1.287188380956649780e-01,1.219157129526138306e-01,-5.245037376880645752e-02,9.205735474824905396e-02,1.334442943334579468e-01,1.576241105794906616e-01,3.261148035526275635e-01,-1.387569308280944824e-01,-6.013801787048578262e-03,3.665180504322052002e-01,3.316305279731750488e-01,2.018478214740753174e-01,1.853289604187011719e-01,4.694079980254173279e-02,-4.078741371631622314e-02,1.242007911205291748e-01,3.563287258148193359e-01,1.267399489879608154e-01,1.538178324699401855e-01,1.419969350099563599e-01,-1.897726580500602722e-02,2.636029422283172607e-01,3.090196251869201660e-01,1.014901697635650635e-01,1.656052097678184509e-02,-6.693596392869949341e-02,1.732920259237289429e-01,4.143710806965827942e-02,3.416289389133453369e-01,4.113382697105407715e-01,5.298541784286499023e-01,-1.637304872274398804e-01,2.983134090900421143e-01,2.403600364923477173e-01,1.858108937740325928e-01,-3.791034594178199768e-02,1.973854005336761475e-01,-3.694919869303703308e-02,1.528155058622360229e-01,1.931157894432544708e-02,2.039696276187896729e-01,2.394284158945083618e-01,1.468324363231658936e-01,5.797279253602027893e-02,-1.112086176872253418e-01,-1.072118729352951050e-01,-1.024124771356582642e-01,2.479871809482574463e-01,5.929399654269218445e-02,7.747603207826614380e-02,2.395138591527938843e-01,1.305361185222864151e-02,3.336938917636871338e-01,-1.964123174548149109e-02,1.307490319013595581e-01,2.493703365325927734e-01,-3.359553217887878418e-02,-1.273193955421447754e-01,-2.252695709466934204e-01,-9.627734869718551636e-02,-1.321788281202316284e-01
4.893365204334259033e-01,3.034525513648986816e-01,1.472512632608413696e-01,4.094512388110160828e-02,2.323341816663742065e-01,1.293858140707015991e-01,1.003004983067512512e-01,1.467067450284957886e-01,2.393223792314529419e-01,3.199217095971107483e-02,1.000000000000000000e+00,5.231819748878479004e-01,6.177899241447448730e-01,3.176958560943603516e-01,4.347929358482360840e-01,2.853524386882781982e-01,3.439867794513702393e-01,2.564993798732757568e-01,3.771117329597473145e-01,3.651804327964782715e-01,1.437938809394836426e-01,1.292768865823745728e-01,2.025959789752960205e-01,-4.067624360322952271e-02,1.093486025929450989e-01,1.693471968173980713e-01,2.024187892675399780e-01,1.842703372240066528e-01,3.586138188838958740e-01,2.441433966159820557e-01,7.336752116680145264e-02,7.102463394403457642e-02,4.590925872325897217e-01,3.573314249515533447e-01,-4.460568353533744812e-02,-4.135863855481147766e-02,-1.141050271689891815e-02,-7.733426988124847412e-02,-1.061683893203735352e-01,1.075751185417175293e-01,8.658473938703536987e-02,2.230551838874816895e-01,2.364419996738433838e-01,2.284666448831558228e-01,3.548971936106681824e-02,3.299090266227722168e-02,2.888573408126831055e-01,2.292576581239700317e-01,9.840367734432220459e-02,1.711651682853698730e-01,9.809426218271255493e-02,1.897661387920379639e-01,1.846068501472473145e-01,1.886873096227645874e-01,-2.949212910607457161e-03,4.526356458663940430e-01,4.027423858642578125e-01,3.320794701576232910e-01,2.919158041477203369e-01,2.225337177515029907e-01,4.060690701007843018e-01,7.091891020536422729e-02,5.425504446029663086e-01,3.410877883434295654e-01,-7.637885957956314087e-02,4.503369331359863281e-02,1.454508304595947266e-02,-8.113404363393783569e-02,-1.476873308420181274e-01,-1.309711337089538574e-01,2.148131728172302246e-01,2.080116569995880127e-01,3.791260123252868652e-01,2.947623133659362793e-01,4.900491237640380859e-02,6.272801011800765991e-02,-5.433449149131774902e-02,-6.651795655488967896e-02,2.925311028957366943e-01,8.506230264902114868e-02,3.463450074195861816e-01,3.609989881515502930e-01,2.654037475585937500e-01,2.056336253881454468e-01,1.370320171117782593e-01,2.803022861480712891e-01,-8.033389598131179810e-02,1.575057506561279297e-01,2.057974599301815033e-02,3.043690025806427002e-01,2.008460834622383118e-02,1.274872105568647385e-02,-4.602926596999168396e-02,1.822056174278259277e-01,-1.799290776252746582e-01,-5.651482939720153809e-02,-4.345796478446573019e-04,2.347963005304336548e-01,2.186001837253570557e-01,3.191836476325988770e-01,7.489013671875000000e-02,1.330208927392959595e-01,5.936701968312263489e-02,-4.235642030835151672e-02,-4.228874146938323975e-01,1.056561544537544250e-01,-9.358222037553787231e-02,5.006553977727890015e-02,5.419154092669487000e-02,-1.051847413182258606e-01,1.671915650367736816e-01,1.142257302999496460e-01,1.725460141897201538e-01,6.020493060350418091e-02,9.548654407262802124e-02,-9.940025955438613892e-02
3.987100124359130859e-01,4.632096290588378906e-01,-1.367077827453613281e-01,1.055010855197906494e-01,1.202295497059822083e-01,1.690827310085296631e-01,1.449037790298461914e-01,3.688678443431854248e-01,6.792886555194854736e-02,1.384072303771972656e-01,5.231819748878479004e-01,1.000000000000000000e+00,2.262072712182998657e-01,5.536747574806213379e-01,2.113900333642959595e-01,1.949861347675323486e-01,3.537542223930358887e-01,3.566711843013763428e-01,1.936878263950347900e-01,4.001497924327850342e-01,-6.342323124408721924e-02,4.487779736518859863e-02,-9.013406187295913696e-02,-1.114285662770271301e-01,-6.322534382343292236e-02,1.189079508185386658e-01,1.012198552489280701e-01,7.941278070211410522e-02,3.453024029731750488e-01,4.391658604145050049e-01,-1.680929809808731079e-01,-1.171118989586830139e-01,3.013708889484405518e-01,2.666215002536773682e-01,-1.167896836996078491e-01,-1.611839532852172852e-01,-9.140629321336746216e-02,-1.383093297481536865e-01,-3.350729495286941528e-02,4.148560017347335815e-02,-4.845755174756050110e-02,7.572597265243530273e-02,2.141307592391967773e-01,2.105340212583541870e-01,7.176988571882247925e-02,7.333837449550628662e-02,2.495506554841995239e-01,2.118942737579345703e-01,4.182403907179832458e-02,3.116238862276077271e-03,2.301138453185558319e-02,2.342797070741653442e-02,7.135555148124694824e-02,1.386202275753021240e-01,-4.184216260910034180e-03,3.310518860816955566e-01,3.081255257129669189e-01,3.855216503143310547e-01,1.758675426244735718e-01,1.429166048765182495e-01,3.376439213752746582e-01,2.548898756504058838e-01,4.364638030529022217e-01,6.058787107467651367e-01,-9.232839196920394897e-02,6.691905856132507324e-02,-4.943299293518066406e-02,-1.327562928199768066e-01,-8.640538901090621948e-02,-2.750714868307113647e-02,-2.812442928552627563e-02,1.159660741686820984e-01,2.134353816509246826e-01,4.181152284145355225e-01,1.208759192377328873e-02,1.033214107155799866e-01,7.894197106361389160e-02,1.769645959138870239e-01,3.298056125640869141e-01,1.302822381258010864e-01,2.591413855552673340e-01,3.050893247127532959e-01,9.492620080709457397e-02,1.897569596767425537e-01,1.110338196158409119e-01,2.736262381076812744e-01,-1.496848464012145996e-01,2.190211266279220581e-01,-3.031887672841548920e-02,2.359859645366668701e-01,7.700207829475402832e-02,2.593614161014556885e-02,-1.083191335201263428e-01,9.147855639457702637e-02,-2.242461293935775757e-01,1.013155374675989151e-02,7.654943317174911499e-02,2.241263091564178467e-01,2.944466173648834229e-01,2.953583002090454102e-01,2.160045877099037170e-02,1.195421740412712097e-01,1.407629847526550293e-01,1.947697401046752930e-01,-2.286431342363357544e-01,2.130809575319290161e-01,-3.736204653978347778e-02,1.764738708734512329e-01,-4.312131553888320923e-02,-4.078083857893943787e-02,2.551859617233276367e-01,1.654572486877441406e-01,1.979831755161285400e-01,-2.115514501929283142e-02,1.825603423640131950e-03,-1.147567480802536011e-01
4.225678145885467529e-01,1.162914112210273743e-01,3.184624314308166504e-01,2.419766038656234741e-02,1.153877228498458862e-01,4.416421055793762207e-02,1.999319344758987427e-01,7.403793931007385254e-02,2.506338357925415039e-01,7.315164804458618164e-02,6.177899241447448730e-01,2.262072712182998657e-01,1.000000000000000000e+00,1.550971567630767822e-01,5.068595409393310547e-01,2.566626071929931641e-01,-1.713661663234233856e-02,1.597947068512439728e-02,2.578004300594329834e-01,1.153931468725204468e-01,2.480159252882003784e-01,1.202998459339141846e-01,3.328539133071899414e-01,1.225128918886184692e-01,-1.546307653188705444e-02,8.393669873476028442e-02,2.003853321075439453e-01,2.366129904985427856e-01,9.122539311647415161e-02,-6.534041464328765869e-02,1.822322309017181396e-01,1.400650739669799805e-01,2.540638446807861328e-01,1.888405978679656982e-01,-5.033124703913927078e-03,-1.201433222740888596e-02,1.353389024734497070e-01,6.660860963165760040e-03,4.497981444001197815e-02,3.401847779750823975e-01,1.269663423299789429e-01,2.149023711681365967e-01,8.288948982954025269e-02,8.667990565299987793e-02,4.278926178812980652e-02,9.515292011201381683e-03,1.517963856458663940e-01,1.957482993602752686e-01,1.268106102943420410e-01,2.416828125715255737e-01,1.264839619398117065e-01,1.257541179656982422e-01,3.026485145092010498e-01,2.741081714630126953e-01,1.414514183998107910e-01,4.789459109306335449e-01,2.385117262601852417e-01,1.318305581808090210e-01,2.930117845535278320e-01,2.599325776100158691e-01,4.060613214969635010e-01,1.274883896112442017e-01,2.559053599834442139e-01,1.956380009651184082e-01,2.951508201658725739e-02,7.191012799739837646e-02,4.303048551082611084e-02,-5.936037376523017883e-02,-3.807539492845535278e-02,-1.360660642385482788e-01,2.042028456926345825e-01,1.533783078193664551e-01,1.643000990152359009e-01,1.672944128513336182e-01,-7.913674414157867432e-02,7.075742632150650024e-02,-9.496991336345672607e-02,-1.843812912702560425e-01,7.917784899473190308e-02,8.339824527502059937e-02,2.802701890468597412e-01,4.142488539218902588e-01,3.151772916316986084e-01,1.334623545408248901e-01,2.133768200874328613e-01,2.574324905872344971e-01,-1.022320836782455444e-01,2.207471244037151337e-02,1.430412530899047852e-01,3.401015400886535645e-01,1.318046897649765015e-01,1.110948100686073303e-01,3.202087059617042542e-02,2.644377052783966064e-01,-1.169957220554351807e-01,-9.059481322765350342e-03,-4.396795853972434998e-02,1.389209628105163574e-01,1.198355779051780701e-01,1.609548628330230713e-01,9.045412391424179077e-02,1.261538416147232056e-01,-2.486519981175661087e-03,-4.319483786821365356e-02,-4.432499110698699951e-01,1.542376428842544556e-01,-2.007711827754974365e-01,-8.359683677554130554e-03,1.072209104895591736e-01,-4.763195291161537170e-02,1.106752529740333557e-01,5.534945428371429443e-02,7.324916124343872070e-02,-7.484158128499984741e-02,1.302075386047363281e-01,-5.123064387589693069e-03
