1.000000000000000000e+00,6.600104570388793945e-01,2.822117209434509277e-01,2.498328536748886108e-01,2.621185183525085449e-01,3.280106484889984131e-01,2.070884853601455688e-01,2.676921188831329346e-01,8.092273771762847900e-02,2.766002118587493896e-01,5.100846290588378906e-01,4.588193595409393311e-01,3.486960530281066895e-01,3.231898546218872070e-01,2.868437469005584717e-01,3.805654644966125488e-01,3.585009574890136719e-01,4.867863655090332031e-01,5.989779233932495117e-01,5.783203244209289551e-01,-2.066873162984848022e-01,-6.259976327419281006e-02,2.530372440814971924e-01,2.479211688041687012e-01,4.725057631731033325e-02,2.048171162605285645e-01,2.272452116012573242e-01,2.131551951169967651e-01,3.349031805992126465e-01,3.344558179378509521e-01,-5.409948062151670456e-03,9.839627891778945923e-02,3.583409488201141357e-01,3.026543855667114258e-01,7.917490601539611816e-02,2.528364025056362152e-02,-2.952326238155364990e-01,-3.361584842205047607e-01,2.656792290508747101e-02,-1.016614492982625961e-02,-1.741442829370498657e-01,-3.080471418797969818e-03,1.223395168781280518e-01,1.310598701238632202e-01,1.433428972959518433e-01,1.237656921148300171e-01,2.132743299007415771e-01,2.164311558008193970e-01,3.008681237697601318e-01,1.211420074105262756e-01,1.387911438941955566e-01,1.650325655937194824e-01,4.662453830242156982e-01,4.361976385116577148e-01,1.262789815664291382e-01,3.041106164455413818e-01,6.413969993591308594e-01,5.928638577461242676e-01,3.677719235420227051e-01,9.570532292127609253e-02,4.114592373371124268e-01,1.958512663841247559e-01,4.605521261692047119e-01,5.561389327049255371e-01,1.643883436918258667e-02,-5.382880102843046188e-03,1.654417216777801514e-01,-1.033748593181371689e-02,4.782053530216217041e-01,3.528147935867309570e-01,8.032347261905670166e-02,2.647381722927093506e-01,1.041390299797058105e-01,1.813562512397766113e-01,7.051360607147216797e-02,8.922494202852249146e-02,3.402009308338165283e-01,2.386613488197326660e-01,1.665582060813903809e-01,2.555665969848632812e-01,3.065026402473449707e-01,2.573153674602508545e-01,4.393587112426757812e-01,2.903859615325927734e-01,1.437937915325164795e-01,3.724695146083831787e-01,2.277128994464874268e-01,1.287188082933425903e-01,1.151524111628532410e-01,3.865805864334106445e-01,3.247152566909790039e-01,2.602314352989196777e-01,9.302370250225067139e-02,8.341547846794128418e-02,-1.234438270330429077e-01,-2.943447232246398926e-02,-1.673707552254199982e-02,1.619386970996856689e-01,3.000786006450653076e-01,4.260238707065582275e-01,1.717646978795528412e-02,1.048485469073057175e-02,9.562787413597106934e-02,8.855360746383666992e-02,-2.225982248783111572e-01,3.229673020541667938e-03,-1.118184154620394111e-04,-1.291745454072952271e-01,-1.138639748096466064e-01,-1.517581492662429810e-01,-2.894613705575466156e-02,1.580806970596313477e-01,2.143106311559677124e-01,3.243884444236755371e-01,2.389881461858749390e-01,-2.587618529796600342e-01
6.600104570388793945e-01,1.000000000000000000e+00,-3.164152428507804871e-02,1.768407672643661499e-01,-2.012697793543338776e-02,1.438469290733337402e-01,-4.141334444284439087e-03,2.565608322620391846e-01,1.312632858753204346e-02,2.543426156044006348e-01,3.078880906105041504e-01,4.105642139911651611e-01,2.039259225130081177e-01,3.214453458786010742e-01,1.409626305103302002e-01,3.245620429515838623e-01,4.298258423805236816e-01,5.333271026611328125e-01,5.667237639427185059e-01,6.539849638938903809e-01,-4.461183845996856689e-01,-2.548161149024963379e-01,-2.272509410977363586e-02,6.065134331583976746e-02,-1.999689638614654541e-01,-7.530140131711959839e-02,-4.117295518517494202e-02,9.289951995015144348e-03,4.290918707847595215e-01,4.441772997379302979e-01,-5.065090209245681763e-02,7.063351571559906006e-02,2.843731939792633057e-01,2.801454365253448486e-01,-8.917786926031112671e-02,-5.168544873595237732e-02,-2.752833366394042969e-01,-3.299333155155181885e-01,8.458568900823593140e-02,-7.713935524225234985e-02,-1.764887422323226929e-01,-2.881076885387301445e-03,-1.137779001146554947e-02,1.302527450025081635e-02,1.127966791391372681e-01,4.227477312088012695e-02,8.471860550343990326e-03,8.636260032653808594e-02,2.659073770046234131e-01,5.536706373095512390e-02,4.314762726426124573e-02,1.488835513591766357e-01,2.831169068813323975e-01,2.342809438705444336e-01,3.567484021186828613e-02,2.333470433950424194e-01,6.294596195220947266e-01,6.867864131927490234e-01,2.144172042608261108e-01,2.447439283132553101e-01,2.563821375370025635e-01,1.859862804412841797e-01,4.047527015209197998e-01,4.795229434967041016e-01,-2.025794982910156250e-01,-1.756283640861511230e-01,-2.844605222344398499e-02,2.864297851920127869e-02,4.499862194061279297e-01,4.836497902870178223e-01,-9.838916361331939697e-03,2.221247851848602295e-01,9.563545696437358856e-03,1.319344937801361084e-01,-2.127349190413951874e-02,5.053431913256645203e-02,1.789857447147369385e-01,2.534670531749725342e-01,4.057553038001060486e-02,2.119476199150085449e-01,2.405979633331298828e-01,1.259098201990127563e-01,3.483335673809051514e-01,2.076403647661209106e-01,-8.461864292621612549e-02,2.172144502401351929e-01,1.874445676803588867e-01,-5.770300328731536865e-02,1.628490537405014038e-01,2.845278084278106689e-01,3.048335909843444824e-01,8.771751821041107178e-02,2.976597100496292114e-02,-6.794527173042297363e-02,-2.408400624990463257e-01,-6.424943357706069946e-02,-7.348926365375518799e-02,2.272979468107223511e-01,2.907852828502655029e-01,2.990575134754180908e-01,3.839836269617080688e-02,-1.071954611688852310e-02,1.308331340551376343e-01,4.366973787546157837e-02,-2.323822528123855591e-01,-5.826525390148162842e-02,-5.433938652276992798e-02,-1.072333455085754395e-01,-2.758069336414337158e-01,-2.323114722967147827e-01,-1.064386442303657532e-01,1.203082352876663208e-01,1.152197197079658508e-01,2.485676407814025879e-01,1.541323959827423096e-01,-3.005211055278778076e-01
2.822117209434509277e-01,-3.164152428507804871e-02,1.000000000000000000e+00,5.039741396903991699e-01,5.297725200653076172e-01,4.484198391437530518e-01,7.758831381797790527e-01,4.314115345478057861e-01,4.999495148658752441e-01,3.736894130706787109e-01,1.954515278339385986e-01,2.052268832921981812e-01,3.898837268352508545e-01,1.319145858287811279e-01,4.322480559349060059e-01,3.404492139816284180e-01,-8.046272397041320801e-02,2.000725865364074707e-01,1.667621731758117676e-01,2.744177579879760742e-01,3.895096480846405029e-01,2.448461800813674927e-01,6.526187062263488770e-01,6.775739192962646484e-01,2.889406085014343262e-01,4.612768888473510742e-01,4.078202843666076660e-01,3.341406583786010742e-01,-2.093916535377502441e-01,-1.216250658035278320e-01,1.151901707053184509e-01,1.119511127471923828e-01,3.915830850601196289e-01,3.992645442485809326e-01,5.370608568191528320e-01,3.279163539409637451e-01,6.576091982424259186e-03,-2.994582802057266235e-02,-7.739374786615371704e-02,8.436069637537002563e-02,1.339107453823089600e-01,6.367998570203781128e-02,4.753240346908569336e-01,3.647468388080596924e-01,2.674804031848907471e-01,4.190292358398437500e-01,4.920405447483062744e-01,3.510178625583648682e-01,9.261339157819747925e-02,3.431206047534942627e-01,2.973974943161010742e-01,9.256246685981750488e-02,1.872593462467193604e-01,4.336161613464355469e-01,1.387189626693725586e-01,2.244265228509902954e-01,-4.187959060072898865e-02,2.986968494951725006e-02,2.867081165313720703e-01,1.450598239898681641e-01,3.912242352962493896e-01,3.827978074550628662e-01,-1.663627475500106812e-01,8.730699308216571808e-03,6.471746563911437988e-01,5.755988955497741699e-01,5.750166773796081543e-01,3.187791109085083008e-01,3.562843203544616699e-01,3.656486421823501587e-02,4.051663279533386230e-01,2.976174652576446533e-01,2.286716699600219727e-01,1.811021119356155396e-01,1.216524317860603333e-01,3.586854040622711182e-01,2.561166882514953613e-01,2.355577647686004639e-01,3.079764246940612793e-01,4.274373054504394531e-01,1.517871916294097900e-01,4.369105100631713867e-01,2.018897384405136108e-01,2.654107213020324707e-01,6.048542857170104980e-01,4.772029221057891846e-01,1.058135479688644409e-01,4.442093670368194580e-01,1.509893387556076050e-01,2.962845563888549805e-01,-6.531340628862380981e-02,2.890434861183166504e-01,9.530956298112869263e-02,2.488303482532501221e-01,-6.481432169675827026e-02,8.186791837215423584e-02,-2.340839244425296783e-02,3.967050835490226746e-02,-2.001793086528778076e-01,1.180283818393945694e-02,-7.003773748874664307e-02,6.203062087297439575e-02,-4.564054310321807861e-02,2.092776596546173096e-01,-1.963621377944946289e-01,2.082005292177200317e-01,-2.118777781724929810e-01,-1.968039274215698242e-01,5.070222169160842896e-02,1.039281785488128662e-01,1.860084533691406250e-01,-1.265933513641357422e-01,-1.219332069158554077e-01,9.720977395772933960e-02,3.721334636211395264e-01,3.653454128652811050e-03
2.498328536748886108e-01,1.768407672643661499e-01,5.039741396903991699e-01,1.000000000000000000e+00,3.731746971607208252e-01,6.676520109176635742e-01,5.421243906021118164e-01,7.716019153594970703e-01,3.794527947902679443e-01,6.621225476264953613e-01,1.182405799627304077e-01,3.468104898929595947e-01,2.569380998611450195e-01,3.047472238540649414e-01,1.231181174516677856e-01,3.386657536029815674e-01,-1.870491504669189453e-01,1.938978023827075958e-02,3.835730999708175659e-02,2.895791828632354736e-01,8.058575540781021118e-02,1.008584275841712952e-01,4.040890038013458252e-01,6.560407876968383789e-01,1.936280578374862671e-01,4.784266352653503418e-01,3.199392557144165039e-01,3.009419143199920654e-01,-1.716211289167404175e-01,-4.818064719438552856e-02,-5.826586857438087463e-02,9.131062030792236328e-02,1.080108955502510071e-01,2.419885545969009399e-01,2.418078929185867310e-01,1.781424880027770996e-01,2.051272615790367126e-02,-1.700557470321655273e-01,-2.548332139849662781e-02,7.376183569431304932e-02,-8.087227493524551392e-02,-1.075036171823740005e-02,2.910847961902618408e-01,2.182759642601013184e-01,5.214934423565864563e-02,2.873456180095672607e-01,3.153389096260070801e-01,3.361214995384216309e-01,-5.511032044887542725e-02,4.104556143283843994e-01,5.401832461357116699e-01,3.750735223293304443e-01,2.595877051353454590e-01,3.998160660266876221e-01,2.407952770590782166e-02,2.742320299148559570e-01,3.099109604954719543e-02,2.094656080007553101e-01,3.234958350658416748e-01,4.584805369377136230e-01,4.446674883365631104e-01,6.130155920982360840e-01,-1.164267584681510925e-01,2.343881577253341675e-01,4.939959049224853516e-01,5.960313677787780762e-01,4.923557639122009277e-01,4.724422097206115723e-01,3.130969703197479248e-01,2.063007503747940063e-01,3.286091983318328857e-01,4.419181048870086670e-01,-1.525832246989011765e-02,9.377616643905639648e-02,1.306278351694345474e-02,2.619284689426422119e-01,1.964998543262481689e-01,4.688600897789001465e-01,5.514490976929664612e-02,1.996741443872451782e-01,3.926323726773262024e-02,1.903470605611801147e-01,7.575549930334091187e-02,2.895583212375640869e-01,4.833880066871643066e-01,6.032116413116455078e-01,5.882440018467605114e-05,2.498649507761001587e-01,3.134930133819580078e-01,3.048844337463378906e-01,1.150439977645874023e-01,2.333793044090270996e-01,2.980816066265106201e-01,6.392204016447067261e-02,-9.582749009132385254e-02,-1.247117370367050171e-01,-9.756371378898620605e-02,8.842948079109191895e-02,-8.669778704643249512e-02,4.745620489120483398e-02,-1.982120983302593231e-02,1.142414566129446030e-02,8.602450042963027954e-02,3.583799116313457489e-04,-2.814504206180572510e-01,1.100076884031295776e-01,-1.388522535562515259e-01,5.601046606898307800e-03,-7.077966630458831787e-02,-1.864459365606307983e-01,9.986817091703414917e-02,-4.128666222095489502e-02,5.535241961479187012e-02,1.869286745786666870e-01,4.394171535968780518e-01,-2.103557251393795013e-02
2.621185183525085449e-01,-2.012697793543338776e-02,5.297725200653076172e-01,3.731746971607208252e-01,1.000000000000000000e+00,4.428302645683288574e-01,4.536113739013671875e-01,3.858867883682250977e-01,5.236248970031738281e-01,3.852520287036895752e-01,1.942876130342483521e-01,2.549701035022735596e-01,3.654502034187316895e-01,9.206227958202362061e-02,5.402200222015380859e-01,3.225547969341278076e-01,-1.164616644382476807e-01,1.220292598009109497e-01,6.244061514735221863e-02,1.655853688716888428e-01,2.829028367996215820e-01,-1.027916222810745239e-01,5.427712798118591309e-01,5.603663921356201172e-01,3.157006502151489258e-01,3.989633321762084961e-01,5.527330636978149414e-01,3.187444210052490234e-01,-5.950551107525825500e-02,-4.622208699584007263e-02,2.173053175210952759e-01,2.634033858776092529e-01,2.209498584270477295e-01,2.191023528575897217e-01,3.630882799625396729e-01,1.448817849159240723e-01,-1.462225914001464844e-01,-1.620006114244461060e-01,1.589289307594299316e-01,1.159222498536109924e-01,4.412824288010597229e-02,-1.168991625308990479e-01,2.099213749170303345e-01,1.938479244709014893e-01,2.732826769351959229e-01,2.240122407674789429e-01,3.435113430023193359e-01,3.676546216011047363e-01,1.924861222505569458e-01,1.964679062366485596e-01,1.062185540795326233e-01,8.155573904514312744e-02,1.211099252104759216e-01,4.760426878929138184e-01,1.351698189973831177e-01,2.692269086837768555e-01,-5.469070281833410263e-03,7.850696146488189697e-02,2.951789498329162598e-01,1.685320585966110229e-01,3.706616759300231934e-01,2.909846305847167969e-01,1.722473278641700745e-02,8.784880489110946655e-02,3.593948781490325928e-01,2.700692117214202881e-01,4.119974374771118164e-01,1.417858004570007324e-01,2.833241522312164307e-01,4.038324207067489624e-02,1.331211626529693604e-01,7.333900779485702515e-02,8.637539297342300415e-02,-1.700031757354736328e-02,2.643803656101226807e-01,3.478877544403076172e-01,1.910276710987091064e-01,9.006155282258987427e-02,1.596483737230300903e-01,2.113346755504608154e-01,4.528810735791921616e-03,1.677562743425369263e-01,3.788621425628662109e-01,3.033932298421859741e-02,3.924028873443603516e-01,3.341310322284698486e-01,3.823086321353912354e-01,2.952202558517456055e-01,1.392575055360794067e-01,2.912825345993041992e-01,1.354585438966751099e-01,4.020835757255554199e-01,1.185527890920639038e-01,2.168522477149963379e-01,9.159459173679351807e-02,-9.240145236253738403e-02,1.714408844709396362e-01,1.093378216028213501e-01,2.896276302635669708e-03,1.104712486267089844e-01,3.511342778801918030e-02,9.952577948570251465e-02,5.815028399229049683e-02,1.674812585115432739e-01,3.885851055383682251e-02,1.446840167045593262e-01,1.622553765773773193e-01,-2.842849791049957275e-01,1.983128488063812256e-01,5.833430215716362000e-02,2.259430736303329468e-01,3.214845433831214905e-02,2.308136597275733948e-02,1.718052923679351807e-01,2.476288080215454102e-01,8.616663515567779541e-02
3.280106484889984131e-01,1.438469290733337402e-01,4.484198391437530518e-01,6.676520109176635742e-01,4.428302645683288574e-01,1.000000000000000000e+00,4.324249029159545898e-01,6.334239244461059570e-01,3.427900373935699463e-01,6.411281824111938477e-01,2.000565230846405029e-01,3.110642731189727783e-01,3.853523135185241699e-01,2.744558751583099365e-01,3.504552543163299561e-01,4.706200659275054932e-01,-1.692423522472381592e-01,1.942791417241096497e-02,3.503417968750000000e-02,2.265642583370208740e-01,5.442517250776290894e-02,-9.808225557208061218e-03,3.075516223907470703e-01,5.796821713447570801e-01,3.122105598449707031e-01,5.896654129028320312e-01,3.870047926902770996e-01,4.888897538185119629e-01,-1.706942021846771240e-01,-2.603038959205150604e-02,-1.593109965324401855e-01,4.570673406124114990e-02,4.662187397480010986e-02,1.207235157489776611e-01,2.029723525047302246e-01,1.111727654933929443e-01,-1.366201341152191162e-01,-1.443353742361068726e-01,-7.172878086566925049e-02,1.374571621417999268e-01,-2.370115965604782104e-01,-6.352593749761581421e-02,2.693349719047546387e-01,1.654268354177474976e-01,1.456513404846191406e-01,3.001444935798645020e-01,2.479511797428131104e-01,3.524760007858276367e-01,1.233060956001281738e-01,3.339289128780364990e-01,3.617344796657562256e-01,2.935068905353546143e-01,1.688750237226486206e-01,4.046138226985931396e-01,-3.205280750989913940e-03,2.947860956192016602e-01,1.794750615954399109e-02,1.726405471563339233e-01,2.256176024675369263e-01,1.937300413846969604e-01,3.813562393188476562e-01,3.581210076808929443e-01,-7.861271500587463379e-02,1.248033195734024048e-01,5.222088098526000977e-01,5.326815247535705566e-01,3.634165227413177490e-01,2.518258988857269287e-01,1.817393153905868530e-01,2.253132686018943787e-02,9.227261692285537720e-02,2.018087953329086304e-01,-1.553115844726562500e-01,-8.852919191122055054e-02,-2.435954054817557335e-03,7.681457698345184326e-02,2.885223627090454102e-01,3.017942309379577637e-01,-1.088838204741477966e-01,1.203567385673522949e-01,-1.006377637386322021e-01,1.486867517232894897e-01,1.829707026481628418e-01,3.188121616840362549e-01,5.041989088058471680e-01,6.865472197532653809e-01,4.030922427773475647e-02,2.294176667928695679e-01,1.085458621382713318e-01,3.411123454570770264e-01,2.266670167446136475e-01,3.726023435592651367e-01,3.320641517639160156e-01,1.277343183755874634e-01,-7.611435651779174805e-02,-9.489891678094863892e-02,2.049724385142326355e-02,1.666120141744613647e-01,2.458463609218597412e-02,1.484759002923965454e-01,7.605686783790588379e-02,1.632046401500701904e-01,3.152591586112976074e-01,2.511823773384094238e-01,-2.042753249406814575e-01,3.580171167850494385e-01,4.027933254837989807e-02,-2.676399983465671539e-02,-1.068618595600128174e-01,-1.651071757078170776e-01,1.534649729728698730e-01,-1.648128964006900787e-02,1.750144213438034058e-01,4.504970610141754150e-01,5.633475184440612793e-01,4.614220187067985535e-02
2.070884853601455688e-01,-4.141334444284439087e-03,7.758831381797790527e-01,5.421243906021118164e-01,4.536113739013671875e-01,4.324249029159545898e-01,1.000000000000000000e+00,6.249278783798217773e-01,6.394856572151184082e-01,5.397277474403381348e-01,1.710627079010009766e-01,2.516205906867980957e-01,5.378077626228332520e-01,2.975262999534606934e-01,4.724328219890594482e-01,4.349927604198455811e-01,-4.952070116996765137e-02,2.575441300868988037e-01,1.111796274781227112e-01,2.727406919002532959e-01,2.973004877567291260e-01,2.133836448192596436e-01,5.046091079711914062e-01,6.139548420906066895e-01,1.901469975709915161e-01,3.095879554748535156e-01,2.944073677062988281e-01,1.740890443325042725e-01,-1.366969496011734009e-01,-3.147789835929870605e-02,6.406906992197036743e-02,1.168172731995582581e-01,4.333555400371551514e-01,4.550511837005615234e-01,5.581840276718139648e-01,3.880462646484375000e-01,6.586426496505737305e-02,-5.422584339976310730e-02,-3.243488818407058716e-02,1.622788906097412109e-01,4.347935691475868225e-02,-3.091946942731738091e-03,4.240664541721343994e-01,3.060823678970336914e-01,2.920969724655151367e-01,5.206963419914245605e-01,4.541233777999877930e-01,3.350977301597595215e-01,9.519653022289276123e-02,4.084003865718841553e-01,2.997153103351593018e-01,1.021543815732002258e-01,1.198342517018318176e-01,3.778748214244842529e-01,2.255506068468093872e-01,2.482330948114395142e-01,-1.223520338535308838e-01,-6.701941043138504028e-02,1.993572711944580078e-01,2.660182118415832520e-01,4.668984711170196533e-01,5.107206106185913086e-01,-1.912222653627395630e-01,-2.485058270394802094e-02,6.562060713768005371e-01,6.219458580017089844e-01,5.276554226875305176e-01,3.966970443725585938e-01,3.534095883369445801e-01,-2.140826918184757233e-02,4.759381115436553955e-01,3.922875225543975830e-01,2.762250304222106934e-01,2.103654593229293823e-01,1.671966314315795898e-01,4.161160290241241455e-01,1.870423406362533569e-01,2.612509131431579590e-01,3.192844688892364502e-01,4.818203151226043701e-01,2.003925740718841553e-01,4.425618946552276611e-01,2.147599309682846069e-01,2.998712956905364990e-01,5.801624655723571777e-01,4.849845170974731445e-01,7.907955348491668701e-02,4.530730247497558594e-01,2.641203403472900391e-01,2.990713715553283691e-01,-8.841365575790405273e-02,2.630232274532318115e-01,1.069274321198463440e-01,1.593488305807113647e-01,-2.095689922571182251e-01,9.118895977735519409e-02,5.138555541634559631e-03,2.871777862310409546e-02,-1.359904408454895020e-01,-2.822322212159633636e-02,-7.207113504409790039e-02,3.114367090165615082e-02,1.027871370315551758e-01,1.842029392719268799e-01,-2.945137619972229004e-01,8.672257512807846069e-02,-2.228223979473114014e-01,-2.138303816318511963e-01,-3.545001149177551270e-02,-2.775725349783897400e-02,2.173979282379150391e-01,-8.476629853248596191e-02,-1.374921500682830811e-01,1.753687262535095215e-01,3.502571284770965576e-01,-1.208459734916687012e-01
2.676921188831329346e-01,2.565608322620391846e-01,4.314115345478057861e-01,7.716019153594970703e-01,3.858867883682250977e-01,6.334239244461059570e-01,6.249278783798217773e-01,1.000000000000000000e+00,4.881800115108489990e-01,8.215764164924621582e-01,2.665702104568481445e-01,5.235737562179565430e-01,4.914824068546295166e-01,5.336872339248657227e-01,3.199945390224456787e-01,5.728210806846618652e-01,-6.728883087635040283e-02,2.031154781579971313e-01,1.102611199021339417e-01,3.638567030429840088e-01,-3.367669135332107544e-02,-5.201537534594535828e-02,3.025034368038177490e-01,5.664630532264709473e-01,8.274471014738082886e-02,3.175636231899261475e-01,2.093960344791412354e-01,1.799319237470626831e-01,3.671653394121676683e-05,1.365524381399154663e-01,-8.481386303901672363e-02,1.363629251718521118e-01,1.755413562059402466e-01,3.077743351459503174e-01,2.450565695762634277e-01,2.035887241363525391e-01,-1.585690230131149292e-01,-2.641907632350921631e-01,3.280488029122352600e-02,1.210998296737670898e-01,-1.974009722471237183e-01,-1.076875999569892883e-01,1.369652450084686279e-01,6.784687936305999756e-02,1.245234087109565735e-01,3.264879584312438965e-01,1.607616394758224487e-01,2.192496806383132935e-01,1.526183933019638062e-01,4.540155231952667236e-01,4.105850458145141602e-01,3.320679068565368652e-01,2.767080664634704590e-01,3.458529412746429443e-01,9.254291653633117676e-02,3.938231766223907471e-01,2.861651778221130371e-02,1.713835150003433228e-01,1.973548233509063721e-01,5.312626957893371582e-01,4.715102612972259521e-01,7.241497635841369629e-01,2.302650827914476395e-03,2.365909367799758911e-01,4.024581909179687500e-01,5.048394203186035156e-01,3.434747159481048584e-01,4.033713340759277344e-01,2.896156013011932373e-01,9.056638926267623901e-02,2.962839007377624512e-01,4.936459958553314209e-01,9.118656627833843231e-03,1.698955148458480835e-01,6.701707839965820312e-02,3.254117071628570557e-01,1.878274083137512207e-01,4.931217730045318604e-01,8.807624876499176025e-02,2.704706192016601562e-01,7.149630039930343628e-02,2.495164424180984497e-01,2.446234077215194702e-01,3.383760154247283936e-01,4.344560503959655762e-01,6.408324837684631348e-01,6.548049300909042358e-02,2.731502354145050049e-01,3.400787711143493652e-01,4.496440291404724121e-01,2.010125517845153809e-01,3.184954524040222168e-01,2.934351563453674316e-01,9.714090079069137573e-02,-1.759754568338394165e-01,-3.446517512202262878e-02,-1.866088807582855225e-02,1.096870973706245422e-01,1.204433199018239975e-02,1.565383672714233398e-01,1.051727458834648132e-01,1.530028041452169418e-02,2.721656560897827148e-01,1.464873701333999634e-01,-3.213306367397308350e-01,1.235863044857978821e-01,-5.061557888984680176e-02,-1.056330651044845581e-01,-9.346168488264083862e-02,-2.223532497882843018e-01,5.675279721617698669e-02,-6.534590572118759155e-02,1.829786039888858795e-02,3.243281543254852295e-01,4.775136411190032959e-01,-9.577511996030807495e-02
8.092273771762847900e-02,1.312632858753204346e-02,4.999495148658752441e-01,3.794527947902679443e-01,5.236248970031738281e-01,3.427900373935699463e-01,6.394856572151184082e-01,4.881800115108489990e-01,1.000000000000000000e+00,5.210247039794921875e-01,3.544645011425018311e-02,1.850778460502624512e-01,4.787058532238006592e-01,3.389441668987274170e-01,5.357158184051513672e-01,4.307067990303039551e-01,-1.126041337847709656e-01,1.261296868324279785e-01,-3.550196066498756409e-02,1.584566086530685425e-01,2.396460771560668945e-01,5.021721869707107544e-02,2.812213003635406494e-01,4.485284984111785889e-01,2.068176716566085815e-01,2.083978354930877686e-01,3.328187763690948486e-01,1.755905300378799438e-01,-8.444063365459442139e-02,-1.564709842205047607e-02,1.774661540985107422e-01,1.851496547460556030e-01,3.558177649974822998e-01,3.109411299228668213e-01,5.681838989257812500e-01,4.208193123340606689e-01,5.522526428103446960e-02,-3.830173239111900330e-02,5.034296587109565735e-02,8.379326760768890381e-02,7.527505606412887573e-02,-9.306559711694717407e-02,2.829692661762237549e-01,2.060205191373825073e-01,2.233043462038040161e-01,3.717564344406127930e-01,4.001211225986480713e-01,3.648747503757476807e-01,2.466113716363906860e-01,3.980549573898315430e-01,1.830820292234420776e-01,5.691102892160415649e-02,6.263253092765808105e-02,3.120088279247283936e-01,1.332790255546569824e-01,2.349905669689178467e-01,-6.708335131406784058e-02,2.609249763190746307e-02,4.102410972118377686e-01,4.566845297813415527e-01,6.119257211685180664e-01,5.177320837974548340e-01,-1.513246893882751465e-01,-6.473260372877120972e-02,4.475709199905395508e-01,4.226570129394531250e-01,4.596980214118957520e-01,3.984602391719818115e-01,2.574862539768218994e-01,2.708706445991992950e-02,2.044708877801895142e-01,1.373192667961120605e-01,1.146018430590629578e-01,-2.384092425927519798e-03,8.300518989562988281e-02,3.543995618820190430e-01,6.245646253228187561e-02,1.168134063482284546e-01,9.175231307744979858e-02,2.588127553462982178e-01,6.268954277038574219e-02,2.308717668056488037e-01,2.008580416440963745e-01,1.921661794185638428e-01,3.488231599330902100e-01,3.155100643634796143e-01,1.153215691447257996e-01,3.538604080677032471e-01,3.936655819416046143e-01,2.495664805173873901e-01,3.688673302531242371e-02,2.394789606332778931e-01,2.297901511192321777e-01,1.293982416391372681e-01,-7.813039422035217285e-02,-5.161194875836372375e-02,1.698276847600936890e-01,8.998026698827743530e-02,-7.283970713615417480e-02,-1.434002667665481567e-01,-1.186852604150772095e-01,3.938075527548789978e-02,1.473582386970520020e-01,3.265408575534820557e-01,-6.198806315660476685e-02,1.958905011415481567e-01,-1.099444925785064697e-01,-1.472693681716918945e-01,4.485063627362251282e-02,-1.693058013916015625e-02,3.894657194614410400e-01,-7.654223591089248657e-02,-8.873254805803298950e-02,2.830114364624023438e-01,3.887837827205657959e-01,-6.638598442077636719e-02
2.766002118587493896e-01,2.543426156044006348e-01,3.736894130706787109e-01,6.621225476264953613e-01,3.852520287036895752e-01,6.411281824111938477e-01,5.397277474403381348e-01,8.215764164924621582e-01,5.210247039794921875e-01,1.000000000000000000e+00,2.500268816947937012e-01,4.725777804851531982e-01,4.398685395717620850e-01,4.815221428871154785e-01,3.371403515338897705e-01,5.510783195495605469e-01,-5.144218355417251587e-02,1.746356487274169922e-01,9.268078207969665527e-02,3.241987228393554688e-01,-9.778457880020141602e-02,-1.249038875102996826e-01,1.201940029859542847e-01,4.307700097560882568e-01,8.663982897996902466e-02,2.649435400962829590e-01,2.552119791507720947e-01,2.788336873054504395e-01,2.634515427052974701e-02,1.236405596137046814e-01,-1.446079015731811523e-01,5.343595147132873535e-02,1.077077686786651611e-01,1.694556325674057007e-01,1.537564694881439209e-01,1.128252223134040833e-01,-2.544177472591400146e-01,-2.744583785533905029e-01,-2.629940584301948547e-02,9.549356997013092041e-02,-1.880180090665817261e-01,-1.368864178657531738e-01,-3.969014808535575867e-02,-8.070747554302215576e-02,-1.987939700484275818e-02,1.398385465145111084e-01,1.680867560207843781e-02,1.492320150136947632e-01,1.621515750885009766e-01,3.353934586048126221e-01,3.806244730949401855e-01,3.368863165378570557e-01,3.138966560363769531e-01,3.154687583446502686e-01,-2.559211663901805878e-02,4.149364531040191650e-01,8.825538307428359985e-02,1.928979754447937012e-01,2.601817548274993896e-01,4.955870211124420166e-01,5.228086113929748535e-01,6.387214660644531250e-01,8.448517322540283203e-02,1.613415628671646118e-01,2.765470743179321289e-01,3.544964492321014404e-01,2.196700572967529297e-01,2.431005388498306274e-01,1.631710529327392578e-01,5.264202132821083069e-03,1.212445646524429321e-01,3.813192546367645264e-01,-7.940289378166198730e-02,8.436974883079528809e-02,-6.110497936606407166e-02,1.944119185209274292e-01,6.064443290233612061e-02,3.624309897422790527e-01,-2.603862434625625610e-03,1.601184159517288208e-01,-9.311225265264511108e-03,1.232760548591613770e-01,2.253285348415374756e-01,2.285321354866027832e-01,2.886827886104583740e-01,5.319871306419372559e-01,7.961435616016387939e-02,2.290754318237304688e-01,3.484094440937042236e-01,4.658211171627044678e-01,2.566818594932556152e-01,2.670271396636962891e-01,3.301688432693481445e-01,2.984695509076118469e-02,-1.222944632172584534e-01,3.552165115252137184e-03,5.560966208577156067e-02,3.314276784658432007e-02,7.153173536062240601e-02,1.021073907613754272e-01,1.900789588689804077e-01,-4.409590363502502441e-02,2.329984158277511597e-01,2.712772786617279053e-01,-2.119980901479721069e-01,2.148245275020599365e-01,7.285024039447307587e-03,-8.640562742948532104e-02,-7.069071382284164429e-02,-1.339270770549774170e-01,6.870198249816894531e-02,-3.951388970017433167e-02,3.432487696409225464e-02,3.138644099235534668e-01,5.189792513847351074e-01,-8.665889501571655273e-02
5.100846290588378906e-01,3.078880906105041504e-01,1.954515278339385986e-01,1.182405799627304077e-01,1.942876130342483521e-01,2.000565230846405029e-01,1.710627079010009766e-01,2.665702104568481445e-01,3.544645011425018311e-02,2.500268816947937012e-01,1.000000000000000000e+00,6.810907721519470215e-01,5.913129448890686035e-01,5.170605182647705078e-01,4.013841152191162109e-01,5.344646573066711426e-01,3.110454678535461426e-01,3.987334072589874268e-01,4.669813513755798340e-01,3.682201504707336426e-01,-1.468040198087692261e-01,-4.358236491680145264e-02,1.488951444625854492e-01,1.899616122245788574e-01,-4.791830852627754211e-02,3.431541100144386292e-02,-7.217749208211898804e-02,-6.895005702972412109e-02,4.678080081939697266e-01,5.004163384437561035e-01,1.017312929034233093e-01,1.860797703266143799e-01,3.181230723857879639e-01,3.068520128726959229e-01,-1.173026412725448608e-01,-2.122575193643569946e-01,-4.052677154541015625e-01,-4.047609567642211914e-01,2.427539601922035217e-02,1.418913807719945908e-02,-1.158078759908676147e-01,-1.333622038364410400e-01,-2.068339586257934570e-01,-1.408358216285705566e-01,-3.242657706141471863e-02,4.954056348651647568e-03,-1.260205954313278198e-01,-2.750814855098724365e-01,2.524041831493377686e-01,1.546128094196319580e-01,-1.856357045471668243e-02,1.951556503772735596e-01,2.163683176040649414e-01,2.192327938973903656e-02,1.676773577928543091e-01,3.330982923507690430e-01,3.063696920871734619e-01,3.238576352596282959e-01,4.479619860649108887e-02,-7.792216539382934570e-02,9.548038244247436523e-02,1.753841489553451538e-01,5.495663881301879883e-01,5.245409607887268066e-01,-8.952816575765609741e-02,-8.622243255376815796e-02,-1.725023835897445679e-01,-2.328420430421829224e-01,4.933315142989158630e-02,7.637241482734680176e-02,1.912013292312622070e-01,3.316197395324707031e-01,2.565252780914306641e-01,4.242701828479766846e-01,1.533075124025344849e-01,1.635228991508483887e-01,1.988597065210342407e-01,3.002474009990692139e-01,3.304235339164733887e-01,3.282099366188049316e-01,2.265304774045944214e-01,2.810809612274169922e-01,3.858568966388702393e-01,2.014658451080322266e-01,3.884162381291389465e-02,4.128108918666839600e-01,1.750824786722660065e-02,-3.611752297729253769e-03,-8.139536529779434204e-02,3.977396786212921143e-01,2.468732595443725586e-01,1.029928848147392273e-01,-3.139827027916908264e-02,5.099552497267723083e-02,-1.587018929421901703e-02,1.037091612815856934e-01,-2.195767760276794434e-01,1.279522329568862915e-01,6.802646815776824951e-02,4.040075242519378662e-01,1.288151741027832031e-01,-9.629793465137481689e-02,4.140994697809219360e-02,2.498636692762374878e-01,-3.250870108604431152e-01,6.397005915641784668e-02,1.032819412648677826e-02,-1.548934578895568848e-01,2.239838987588882446e-02,-5.943473428487777710e-02,-2.955539822578430176e-01,-2.352699935436248779e-01,-3.685658797621726990e-02,1.877655088901519775e-01,1.674799174070358276e-01,-1.354550570249557495e-01
4.588193595409393311e-01,4.105642139911651611e-01,2.052268832921981812e-01,3.468104898929595947e-01,2.549701035022735596e-01,3.110642731189727783e-01,2.516205906867980957e-01,5.235737562179565430e-01,1.850778460502624512e-01,4.725777804851531982e-01,6.810907721519470215e-01,1.000000000000000000e+00,6.082588434219360352e-01,7.564285993576049805e-01,4.260202646255493164e-01,7.410373091697692871e-01,1.339262425899505615e-01,4.190244972705841064e-01,3.979331254959106445e-01,4.654415249824523926e-01,-1.967685520648956299e-01,-1.212065294384956360e-01,2.134626060724258423e-01,3.651601970195770264e-01,-5.594205111265182495e-02,1.220894604921340942e-01,-1.979049481451511383e-02,-2.939299494028091431e-02,4.423357248306274414e-01,5.513194203376770020e-01,9.674859791994094849e-02,3.170384466648101807e-01,2.676567435264587402e-01,3.669898211956024170e-01,-3.258205950260162354e-02,-8.099168539047241211e-02,-3.908541798591613770e-01,-3.908429741859436035e-01,3.509282320737838745e-02,1.137109324336051941e-01,-9.090059250593185425e-02,-4.976074025034904480e-02,-2.214272767305374146e-01,-2.009280174970626831e-01,-9.235265851020812988e-02,5.582456663250923157e-02,-1.130644977092742920e-01,-1.772059500217437744e-01,1.933999508619308472e-01,2.898392081260681152e-01,1.196214929223060608e-01,4.608037173748016357e-01,3.844877779483795166e-01,1.493020355701446533e-01,1.525982022285461426e-01,3.339376747608184814e-01,1.798684298992156982e-01,3.525087535381317139e-01,1.402455717325210571e-01,1.906879544258117676e-01,1.957194805145263672e-01,4.126677811145782471e-01,4.731865823268890381e-01,5.788547992706298828e-01,-8.591622114181518555e-02,-4.263813048601150513e-02,-7.107814401388168335e-02,-6.293399631977081299e-02,9.728643298149108887e-02,1.090773716568946838e-01,2.195325791835784912e-01,5.134057402610778809e-01,2.010274976491928101e-01,4.635036885738372803e-01,7.297480106353759766e-02,2.388216704130172729e-01,1.270447224378585815e-01,4.006915986537933350e-01,2.393005192279815674e-01,2.760715484619140625e-01,2.564781010150909424e-01,3.463321924209594727e-01,4.198051393032073975e-01,3.318524658679962158e-01,7.544509321451187134e-02,5.429254770278930664e-01,9.891418367624282837e-02,1.121687814593315125e-01,4.533948376774787903e-02,3.820700347423553467e-01,3.193871974945068359e-01,1.595790684223175049e-01,1.290055066347122192e-01,9.701939234219025820e-06,-8.536053448915481567e-02,7.586158812046051025e-02,-1.459980159997940063e-01,2.606374323368072510e-01,1.141775175929069519e-01,3.830717504024505615e-01,2.230035662651062012e-01,-2.363703213632106781e-03,2.198413163423538208e-01,2.856573760509490967e-01,-3.664934933185577393e-01,1.502783447504043579e-01,-4.020352661609649658e-02,-8.820716291666030884e-02,-1.834161020815372467e-02,-8.481056243181228638e-02,-1.398513019084930420e-01,-1.017227768898010254e-01,5.143370106816291809e-02,3.543051481246948242e-01,3.935152888298034668e-01,-1.026009395718574524e-01
3.486960530281066895e-01,2.039259225130081177e-01,3.898837268352508545e-01,2.569380998611450195e-01,3.654502034187316895e-01,3.853523135185241699e-01,5.378077626228332520e-01,4.914824068546295166e-01,4.787058532238006592e-01,4.398685395717620850e-01,5.913129448890686035e-01,6.082588434219360352e-01,1.000000000000000000e+00,6.621394753456115723e-01,6.794797182083129883e-01,7.270741462707519531e-01,1.364293396472930908e-01,4.205799996852874756e-01,2.111768722534179688e-01,3.095203340053558350e-01,8.073629438877105713e-02,6.641423702239990234e-02,2.420225739479064941e-01,3.991213142871856689e-01,2.399310320615768433e-01,2.371905744075775146e-01,1.770949810743331909e-01,6.150846555829048157e-02,2.078044414520263672e-01,2.847377657890319824e-01,2.713959105312824249e-02,1.482553482055664062e-01,3.956748247146606445e-01,3.688208460807800293e-01,3.143442869186401367e-01,1.593907028436660767e-01,-2.552841007709503174e-01,-2.242518365383148193e-01,3.296181559562683105e-02,2.060615867376327515e-01,-3.373162448406219482e-02,5.637699738144874573e-02,8.028492331504821777e-02,4.795608296990394592e-02,1.790657788515090942e-01,3.985217511653900146e-01,2.005080431699752808e-01,6.069683283567428589e-02,3.348522484302520752e-01,4.526567161083221436e-01,5.547042936086654663e-02,2.063373625278472900e-01,1.745007038116455078e-01,2.051361203193664551e-01,3.340105712413787842e-01,2.870083451271057129e-01,-1.020639552734792233e-03,5.424346402287483215e-02,1.716337800025939941e-01,8.625350892543792725e-02,3.358060419559478760e-01,2.951998710632324219e-01,2.327160090208053589e-01,2.146907001733779907e-01,3.369734585285186768e-01,2.607328295707702637e-01,1.366272270679473877e-01,5.906513705849647522e-02,1.642034202814102173e-01,-1.538772974163293839e-02,3.975040018558502197e-01,4.434243142604827881e-01,3.641953468322753906e-01,3.508038222789764404e-01,1.907381713390350342e-01,3.458576798439025879e-01,2.292975783348083496e-01,3.096406757831573486e-01,4.109787344932556152e-01,4.939893484115600586e-01,3.236777782440185547e-01,5.069041252136230469e-01,5.257075428962707520e-01,3.909776508808135986e-01,3.899402022361755371e-01,5.526090264320373535e-01,1.749231219291687012e-01,3.711083233356475830e-01,1.118974089622497559e-01,3.403857648372650146e-01,1.479043960571289062e-01,1.939542442560195923e-01,6.874347478151321411e-02,4.360987991094589233e-02,-1.833388954401016235e-01,1.447892934083938599e-01,-4.108875244855880737e-02,2.372701615095138550e-01,3.304154425859451294e-02,1.728041768074035645e-01,1.385826468467712402e-01,-5.173563957214355469e-03,2.997831702232360840e-01,3.204594850540161133e-01,-3.847807347774505615e-01,1.441017687320709229e-01,-9.503412991762161255e-02,-2.142110317945480347e-01,-2.397278510034084320e-02,-6.222498416900634766e-02,4.472032561898231506e-02,-1.659399420022964478e-01,-1.983848772943019867e-02,3.796171247959136963e-01,4.015048444271087646e-01,-1.552262604236602783e-01
