1.000000000000000000e+00,5.231381654739379883e-01,6.178870797157287598e-01,4.076693058013916016e-01,5.751254558563232422e-01,1.607894450426101685e-01,6.338225007057189941e-01,5.199629068374633789e-01,5.048861503601074219e-01,3.300758004188537598e-01,7.208848595619201660e-01,6.552481651306152344e-01,6.849203705787658691e-01,3.512500524520874023e-01,6.099243164062500000e-01,3.263887166976928711e-01,4.556258320808410645e-01,4.190946817398071289e-01,5.833054780960083008e-01,4.583762586116790771e-01,4.386166930198669434e-01,1.613159775733947754e-01,3.011713922023773193e-01,2.576844394207000732e-01,1.892997026443481445e-01,-8.102133125066757202e-02,4.134288430213928223e-01,2.129779905080795288e-01,5.987513065338134766e-01,3.815397322177886963e-01,2.858069837093353271e-01,1.711628437042236328e-01,5.537174344062805176e-01,4.725519716739654541e-01,7.240687031298875809e-03,-1.171752512454986572e-01,-4.162694141268730164e-02,-3.280459344387054443e-01,1.868415474891662598e-01,-2.772131375968456268e-02,2.147955596446990967e-01,2.270040214061737061e-01,3.029224574565887451e-01,3.551742136478424072e-01,5.505447462201118469e-02,3.153960704803466797e-01,3.109607100486755371e-01,3.291288018226623535e-01,3.506121635437011719e-01,5.567780733108520508e-01,4.796874523162841797e-01,3.072693645954132080e-01,5.658239722251892090e-01,4.295866787433624268e-01,3.649937212467193604e-01,5.451534390449523926e-01,4.448468983173370361e-01,4.855974614620208740e-01,4.529152810573577881e-01,4.349939227104187012e-01,7.763468027114868164e-01,2.538042664527893066e-01,5.431924462318420410e-01,4.714904129505157471e-01,7.061588764190673828e-02,8.884035050868988037e-02,3.749804496765136719e-01,2.812571823596954346e-01,4.002318084239959717e-01,4.067686796188354492e-01,2.998095750808715820e-01,2.015986144542694092e-01,5.429806113243103027e-01,3.780938982963562012e-01,4.644293785095214844e-01,3.271692097187042236e-01,3.720615804195404053e-01,3.018337190151214600e-01,3.033256828784942627e-01,4.820424318313598633e-01,4.546081125736236572e-01,3.807660639286041260e-01,4.924960732460021973e-01,3.147060871124267578e-01,2.401862144470214844e-01,3.962849676609039307e-01,1.807013899087905884e-01,3.249482512474060059e-01,3.905822932720184326e-01,4.752865135669708252e-01,3.133133947849273682e-01,3.186810016632080078e-01,8.252791315317153931e-02,3.100326955318450928e-01,1.317523419857025146e-01,-2.818916738033294678e-01,1.424424797296524048e-01,2.395539730787277222e-02,3.995870649814605713e-01,4.633762538433074951e-01,1.660880595445632935e-01,2.890656590461730957e-01,2.290185242891311646e-01,-1.486766487360000610e-01,-4.131046235561370850e-01,-1.261784434318542480e-01,-1.099072173237800598e-01,-4.750689864158630371e-02,-1.058699861168861389e-01,2.846797108650207520e-01,1.903138607740402222e-01,4.232172071933746338e-01,3.778619170188903809e-01,1.034036055207252502e-01,1.230388432741165161e-01,-3.919686377048492432e-01
5.231381654739379883e-01,1.000000000000000000e+00,3.980167806148529053e-01,3.308519124984741211e-01,2.587787210941314697e-01,1.736335158348083496e-01,3.132216632366180420e-01,1.770271062850952148e-01,3.933743536472320557e-01,2.597047090530395508e-01,2.375729084014892578e-01,3.353121280670166016e-01,2.028831392526626587e-01,2.110800705850124359e-02,3.108867108821868896e-01,3.358085751533508301e-01,6.335502862930297852e-01,7.292408943176269531e-01,6.860610842704772949e-01,6.922227740287780762e-01,3.076096475124359131e-01,1.746846586465835571e-01,3.683634102344512939e-01,2.159578353166580200e-01,1.526893973350524902e-01,1.500376462936401367e-01,2.435164600610733032e-01,7.232539355754852295e-02,4.224578142166137695e-01,5.676683187484741211e-01,4.774746894836425781e-01,2.360173165798187256e-01,5.395922064781188965e-01,5.213766098022460938e-01,2.237868160009384155e-01,6.453903764486312866e-02,-6.914145499467849731e-02,-2.093375921249389648e-01,3.589951992034912109e-02,1.099056378006935120e-01,3.622256517410278320e-01,2.401482760906219482e-01,1.589041054248809814e-01,3.392222821712493896e-01,-1.011480242013931274e-01,2.868303656578063965e-01,1.973355710506439209e-01,1.569764465093612671e-01,8.348359260708093643e-04,2.976789772510528564e-01,2.593252360820770264e-01,1.719249784946441650e-01,4.350694119930267334e-01,2.339992970228195190e-01,9.021210670471191406e-02,3.327423632144927979e-01,7.818337082862854004e-01,7.651145458221435547e-01,3.075837790966033936e-01,2.027650922536849976e-01,3.595926761627197266e-01,3.117657080292701721e-02,4.876089990139007568e-01,4.048648178577423096e-01,1.385487150400876999e-02,-6.640574894845485687e-03,1.475784927606582642e-01,4.037766531109809875e-02,6.781700253486633301e-01,6.650843620300292969e-01,3.490808904170989990e-01,3.992045521736145020e-01,5.846389532089233398e-01,5.695526003837585449e-01,2.362993359565734863e-01,4.116567373275756836e-01,2.836127579212188721e-01,4.010945260524749756e-01,5.925396680831909180e-01,6.823068857192993164e-01,4.875933527946472168e-01,4.381861984729766846e-01,3.840962350368499756e-01,2.022991776466369629e-01,1.779452413320541382e-01,2.362951338291168213e-01,9.903366118669509888e-02,2.676162719726562500e-01,1.460406035184860229e-01,1.585245281457901001e-01,4.049974307417869568e-02,-5.133184418082237244e-02,-1.992569416761398315e-01,-1.113038137555122375e-01,9.111592173576354980e-02,-1.610848307609558105e-01,1.954033672809600830e-01,2.056681364774703979e-01,3.177705109119415283e-01,3.076876997947692871e-01,-1.085841953754425049e-01,-1.865016855299472809e-02,2.351642549037933350e-01,-2.011620253324508667e-01,-3.688545823097229004e-01,-8.269646763801574707e-02,-1.639998555183410645e-01,1.333033144474029541e-01,-1.685749888420104980e-01,2.862511873245239258e-01,1.280406266450881958e-01,2.988467812538146973e-01,1.136010885238647461e-01,1.358995437622070312e-01,8.153724670410156250e-02,-3.339830040931701660e-01
6.178870797157287598e-01,3.980167806148529053e-01,1.000000000000000000e+00,5.383489131927490234e-01,5.091212987899780273e-01,2.469771206378936768e-01,7.710195183753967285e-01,5.335540175437927246e-01,5.798919796943664551e-01,2.774329483509063721e-01,5.529919266700744629e-01,4.414587914943695068e-01,5.885891318321228027e-01,2.999203801155090332e-01,5.647523403167724609e-01,2.330083698034286499e-01,3.569178879261016846e-01,4.077676534652709961e-01,4.546712338924407959e-01,2.774431407451629639e-01,3.871209621429443359e-01,1.801902204751968384e-01,5.451519489288330078e-01,4.578130543231964111e-01,3.008911907672882080e-01,2.590491771697998047e-01,3.813413977622985840e-01,2.216681987047195435e-01,4.914824962615966797e-01,2.496607750654220581e-01,3.683043122291564941e-01,2.413414567708969116e-01,4.872918128967285156e-01,4.157949090003967285e-01,2.031588256359100342e-01,4.575380310416221619e-02,1.312715411186218262e-01,-1.945938467979431152e-01,1.149841323494911194e-01,3.636324033141136169e-02,3.133555352687835693e-01,1.243624463677406311e-01,3.503386974334716797e-01,4.148823320865631104e-01,6.913707405328750610e-02,2.810057103633880615e-01,3.316482901573181152e-01,3.918143510818481445e-01,2.870225310325622559e-01,3.757297992706298828e-01,4.687292277812957764e-01,2.606759369373321533e-01,5.453886389732360840e-01,4.625255167484283447e-01,3.413004279136657715e-01,5.713459849357604980e-01,3.733206093311309814e-01,3.984877765178680420e-01,2.665481865406036377e-01,3.782272040843963623e-01,4.998210668563842773e-01,2.690952122211456299e-01,2.576863765716552734e-01,2.899438738822937012e-01,3.048817515373229980e-01,3.439491689205169678e-01,5.794841647148132324e-01,4.194924235343933105e-01,3.288937807083129883e-01,2.682959139347076416e-01,3.459396362304687500e-01,2.508981525897979736e-01,6.006861329078674316e-01,2.896769344806671143e-01,4.045079648494720459e-01,3.509638011455535889e-01,3.431393504142761230e-01,2.632635235786437988e-01,3.105608224868774414e-01,4.980874955654144287e-01,3.703352510929107666e-01,2.880042195320129395e-01,4.314956068992614746e-01,1.091671139001846313e-01,4.339975416660308838e-01,3.602606654167175293e-01,2.181280851364135742e-01,3.246765434741973877e-01,5.226680636405944824e-01,4.630241692066192627e-01,4.601199328899383545e-01,3.563159406185150146e-01,2.059399932622909546e-01,3.517702817916870117e-01,-1.190120726823806763e-02,-3.714058697223663330e-01,6.902587413787841797e-02,-1.018489673733711243e-01,2.853866517543792725e-01,3.424251377582550049e-01,7.341574877500534058e-02,2.417976558208465576e-01,1.598124355077743530e-01,-2.112908810377120972e-01,-2.723863124847412109e-01,-1.057463735342025757e-01,-5.338165909051895142e-02,-1.578696817159652710e-01,-1.682518720626831055e-01,7.161435484886169434e-02,2.842108607292175293e-01,3.674102723598480225e-01,3.533349931240081787e-01,-3.994823992252349854e-02,1.427390277385711670e-01,-3.602243363857269287e-01
4.076693058013916016e-01,3.308519124984741211e-01,5.383489131927490234e-01,1.000000000000000000e+00,5.074741840362548828e-01,5.395442843437194824e-01,4.102827310562133789e-01,7.007848024368286133e-01,6.283540129661560059e-01,5.815840363502502441e-01,2.923916280269622803e-01,5.977168083190917969e-01,2.784925997257232666e-01,2.434852719306945801e-01,4.033454954624176025e-01,2.422698140144348145e-01,3.158018290996551514e-01,2.829793691635131836e-01,3.941936194896697998e-01,3.095270693302154541e-01,2.808856368064880371e-01,4.265820980072021484e-02,7.558633387088775635e-02,3.229131996631622314e-01,3.613161742687225342e-01,1.896594464778900146e-01,2.863129079341888428e-01,9.564432501792907715e-02,3.707953691482543945e-01,3.345800936222076416e-01,1.207137629389762878e-01,2.853417992591857910e-01,3.521066606044769287e-01,4.727134406566619873e-01,6.587886810302734375e-02,1.758161187171936035e-01,3.796292934566736221e-03,-1.844373494386672974e-01,-4.709009081125259399e-02,4.745997861027717590e-02,1.785298138856887817e-01,1.663057804107666016e-01,1.690317988395690918e-01,3.262577652931213379e-01,2.749546468257904053e-01,4.007847011089324951e-01,2.258829325437545776e-01,2.937992513179779053e-01,4.623759388923645020e-01,3.015953600406646729e-01,4.300577640533447266e-01,1.992019265890121460e-01,4.526586830615997314e-01,3.627710044384002686e-01,1.541129052639007568e-01,3.332609236240386963e-01,3.157542347908020020e-01,3.723807930946350098e-01,5.410641431808471680e-01,6.491423845291137695e-01,4.584657549858093262e-01,5.379219055175781250e-01,3.394519686698913574e-01,2.576865851879119873e-01,-1.569965034723281860e-01,4.114776253700256348e-01,4.451789259910583496e-01,5.278239250183105469e-01,3.062023818492889404e-01,1.784427762031555176e-01,3.003335893154144287e-01,2.282276004552841187e-01,4.143544733524322510e-01,3.632154166698455811e-01,1.342801749706268311e-01,3.390462696552276611e-01,2.502722740173339844e-01,4.536776840686798096e-01,2.542988061904907227e-01,3.472733795642852783e-01,3.740182220935821533e-01,6.114938855171203613e-02,1.841654032468795776e-01,1.469802260398864746e-01,9.875135868787765503e-02,4.143439233303070068e-01,-7.230143249034881592e-02,2.243566662073135376e-01,3.823697566986083984e-01,5.734344720840454102e-01,5.135497450828552246e-01,2.433987259864807129e-01,2.991181313991546631e-01,7.168812304735183716e-02,4.916913807392120361e-02,-3.168907165527343750e-01,1.045254394412040710e-01,-7.015300542116165161e-02,2.866804897785186768e-01,3.169081509113311768e-01,1.330997198820114136e-01,2.948646247386932373e-02,3.368689119815826416e-02,-2.802785634994506836e-01,-2.558204531669616699e-01,-2.932661473751068115e-01,3.345888480544090271e-02,2.469529956579208374e-01,3.058652766048908234e-02,2.332956045866012573e-01,3.348034322261810303e-01,2.764034867286682129e-01,3.872923851013183594e-01,-3.579916805028915405e-02,-2.001844644546508789e-01,-2.030294388532638550e-01
5.751254558563232422e-01,2.587787210941314697e-01,5.091212987899780273e-01,5.074741840362548828e-01,1.000000000000000000e+00,3.435966968536376953e-01,5.708292126655578613e-01,6.935771107673645020e-01,5.241216421127319336e-01,3.935238718986511230e-01,5.344299077987670898e-01,7.095818519592285156e-01,5.706607699394226074e-01,5.536264777183532715e-01,6.012850999832153320e-01,3.954858481884002686e-01,1.888156682252883911e-01,2.179132699966430664e-01,2.445405423641204834e-01,1.037532091140747070e-01,4.676963090896606445e-01,2.462035566568374634e-01,1.947558522224426270e-01,2.630059123039245605e-01,2.556077241897583008e-01,-2.204472199082374573e-03,7.018740773200988770e-01,3.889610171318054199e-01,3.724425435066223145e-01,2.844638824462890625e-01,1.410709768533706665e-01,1.575565040111541748e-01,3.062350749969482422e-01,2.746738493442535400e-01,2.602133899927139282e-02,1.116288919001817703e-02,-1.233428269624710083e-01,-3.625376522541046143e-01,1.329533159732818604e-01,-3.378351032733917236e-02,6.531397253274917603e-02,2.700802087783813477e-01,1.371265947818756104e-01,1.443493515253067017e-01,1.304553151130676270e-01,1.981507837772369385e-01,2.686001919209957123e-02,1.328313946723937988e-01,4.080941081047058105e-01,4.838062226772308350e-01,4.129281044006347656e-01,1.938468068838119507e-01,5.106762051582336426e-01,5.164999961853027344e-01,2.192162722349166870e-01,3.889246582984924316e-01,1.474460810422897339e-01,3.113306462764739990e-01,4.753446877002716064e-01,5.312239527702331543e-01,6.596524119377136230e-01,5.934689044952392578e-01,2.656624019145965576e-01,2.086670398712158203e-01,-3.832353651523590088e-02,2.841587662696838379e-01,3.042162060737609863e-01,2.946356236934661865e-01,1.223418414592742920e-01,6.208567693829536438e-02,2.887820005416870117e-01,1.445243805646896362e-01,2.388110756874084473e-01,2.963885962963104248e-01,3.381313681602478027e-01,2.816852033138275146e-01,1.404277533292770386e-01,2.584046125411987305e-01,1.265813410282135010e-01,3.754451274871826172e-01,3.143976628780364990e-01,2.173593938350677490e-01,3.232155740261077881e-01,2.914649248123168945e-01,1.729960441589355469e-01,4.945224225521087646e-01,-6.208583340048789978e-02,2.307575643062591553e-01,4.864498972892761230e-01,6.660810708999633789e-01,3.331739902496337891e-01,3.840006291866302490e-01,2.139728069305419922e-01,2.686751782894134521e-01,1.805029660463333130e-01,-2.688147723674774170e-01,4.450005013495683670e-03,-2.371843010187149048e-01,1.647663563489913940e-01,2.575880587100982666e-01,1.866932511329650879e-01,1.742658764123916626e-01,6.476395763456821442e-03,-2.417716681957244873e-01,-1.391500383615493774e-01,-2.359650135040283203e-01,-2.613388746976852417e-02,2.216153964400291443e-02,-7.208508998155593872e-02,1.337994337081909180e-01,-9.148682467639446259e-03,1.960992068052291870e-01,2.221366912126541138e-01,-1.274917274713516235e-01,-1.512995362281799316e-01,-9.427256137132644653e-02
1.607894450426101685e-01,1.736335158348083496e-01,2.469771206378936768e-01,5.395442843437194824e-01,3.435966968536376953e-01,1.000000000000000000e+00,1.158263087272644043e-01,2.568733394145965576e-01,5.924659371376037598e-01,7.868710756301879883e-01,1.032750308513641357e-01,2.374284714460372925e-01,9.018847346305847168e-02,-5.703664198517799377e-02,1.398797035217285156e-01,1.100962609052658081e-01,1.105270981788635254e-01,1.000864952802658081e-01,6.986184418201446533e-02,-1.233845576643943787e-02,1.392569988965988159e-01,1.152841225266456604e-01,-6.941552460193634033e-02,6.749871373176574707e-02,7.421482205390930176e-01,5.984508395195007324e-01,1.389088034629821777e-01,3.196760416030883789e-01,4.840643145143985748e-03,1.105517074465751648e-01,-2.083884030580520630e-01,-3.740551322698593140e-02,-2.945294044911861420e-02,6.639298796653747559e-02,-9.535004198551177979e-02,-2.769542671740055084e-02,5.341258645057678223e-02,-2.550709545612335205e-01,-7.390762679278850555e-03,-8.389662206172943115e-02,7.014832645654678345e-02,-1.835224479436874390e-01,2.232347279787063599e-01,4.005882740020751953e-01,1.931273490190505981e-01,2.345250993967056274e-01,2.614272534847259521e-01,9.535015374422073364e-02,2.095584273338317871e-01,2.892358787357807159e-02,1.891681253910064697e-01,-1.274860352277755737e-01,2.242541164159774780e-01,-5.416786298155784607e-03,4.816886782646179199e-02,2.313038408756256104e-01,1.358067989349365234e-01,1.778790950775146484e-01,2.112696319818496704e-01,2.375382035970687866e-01,1.460005044937133789e-01,4.433493912220001221e-01,1.377314478158950806e-01,1.712967157363891602e-01,-6.151666864752769470e-03,3.541840314865112305e-01,1.055656746029853821e-01,7.909922301769256592e-02,3.872974589467048645e-02,8.118522353470325470e-03,-1.326713263988494873e-01,-1.333596110343933105e-01,1.296406835317611694e-01,1.275931894779205322e-01,-2.036953270435333252e-01,6.336373090744018555e-02,1.553857792168855667e-02,7.328289002180099487e-02,-4.776143468916416168e-03,1.760809570550918579e-01,1.440754085779190063e-01,-7.761278003454208374e-02,4.090111702680587769e-02,-1.996773183345794678e-01,2.381461709737777710e-01,1.474765688180923462e-01,-2.792438864707946777e-01,-9.033428877592086792e-02,2.600958049297332764e-01,2.340565472841262817e-01,9.932043030858039856e-03,-6.667834520339965820e-02,-2.471664175391197205e-02,-1.578393280506134033e-01,3.083763457834720612e-02,6.872446835041046143e-02,1.115962862968444824e-01,1.009613275527954102e-01,-1.044804677367210388e-01,-1.141197457909584045e-01,-1.693879514932632446e-01,-1.575810313224792480e-01,-8.802488446235656738e-02,-1.986694931983947754e-01,-3.448130935430526733e-02,-2.345291674137115479e-01,-1.379947662353515625e-01,1.257310658693313599e-01,8.150714635848999023e-02,1.999762654304504395e-01,9.470487385988235474e-02,-1.220013424754142761e-01,2.996914833784103394e-02,1.776573061943054199e-02,-1.736286729574203491e-01,7.205144315958023071e-02
6.338225007057189941e-01,3.132216632366180420e-01,7.710195183753967285e-01,4.102827310562133789e-01,5.708292126655578613e-01,1.158263087272644043e-01,1.000000000000000000e+00,6.331743001937866211e-01,5.013290643692016602e-01,2.105654925107955933e-01,7.171006202697753906e-01,4.883456230163574219e-01,6.194630861282348633e-01,4.603163003921508789e-01,5.346612334251403809e-01,3.654854893684387207e-01,2.842236757278442383e-01,3.033753633499145508e-01,4.444575607776641846e-01,2.982065379619598389e-01,3.040082454681396484e-01,1.548797190189361572e-01,5.362457633018493652e-01,4.967775046825408936e-01,9.116255491971969604e-02,8.699749596416950226e-03,4.155649840831756592e-01,1.891620010137557983e-01,4.608914852142333984e-01,2.607868909835815430e-01,3.399058580398559570e-01,3.207104206085205078e-01,4.154100418090820312e-01,3.456698060035705566e-01,1.012558043003082275e-01,-3.863934800028800964e-02,-5.395631864666938782e-02,-3.414053022861480713e-01,-3.842357173562049866e-02,7.686513662338256836e-02,4.198562726378440857e-02,2.267890274524688721e-01,2.035419344902038574e-01,2.606672048568725586e-01,9.229868650436401367e-02,2.352066487073898315e-01,1.809932738542556763e-01,2.491017878055572510e-01,2.194277942180633545e-01,3.835064172744750977e-01,2.591113746166229248e-01,3.305423557758331299e-01,3.455628752708435059e-01,5.449745059013366699e-01,2.075361311435699463e-01,4.260648488998413086e-01,2.263903617858886719e-01,2.003994137048721313e-01,1.402676999568939209e-01,2.798208594322204590e-01,4.847111403942108154e-01,3.832982480525970459e-01,2.196209579706192017e-01,2.303229272365570068e-01,3.631846010684967041e-01,3.830100595951080322e-01,5.367211699485778809e-01,3.716749846935272217e-01,2.459918707609176636e-01,1.800708621740341187e-01,3.460682928562164307e-01,1.802097260951995850e-01,4.734565615653991699e-01,2.237026393413543701e-01,5.127178430557250977e-01,3.956795334815979004e-01,2.606711983680725098e-01,2.435811609029769897e-01,2.544167339801788330e-01,4.833978712558746338e-01,3.205410838127136230e-01,3.789885044097900391e-01,3.967180252075195312e-01,2.994077801704406738e-01,3.273162543773651123e-01,4.510980546474456787e-01,1.476477384567260742e-01,3.125259876251220703e-01,3.553249537944793701e-01,4.705783426761627197e-01,4.858910739421844482e-01,3.941299319267272949e-01,2.842439413070678711e-01,3.614716529846191406e-01,5.210076645016670227e-02,-3.702363371849060059e-01,5.894844979047775269e-02,-2.266415804624557495e-01,3.566850125789642334e-01,3.084618151187896729e-01,8.016510307788848877e-02,2.280930727720260620e-01,8.516143262386322021e-02,-1.688611507415771484e-01,-2.263603955507278442e-01,-6.226859614253044128e-02,-8.969591557979583740e-02,-1.808040887117385864e-01,-1.967640221118927002e-01,6.210236623883247375e-02,1.370570808649063110e-01,3.411343693733215332e-01,3.271608650684356689e-01,-9.387786686420440674e-02,7.969361543655395508e-02,-3.025458753108978271e-01
5.199629068374633789e-01,1.770271062850952148e-01,5.335540175437927246e-01,7.007848024368286133e-01,6.935771107673645020e-01,2.568733394145965576e-01,6.331743001937866211e-01,1.000000000000000000e+00,4.740725159645080566e-01,4.201990962028503418e-01,5.568776130676269531e-01,7.522487044334411621e-01,5.453020334243774414e-01,6.856104731559753418e-01,5.464702844619750977e-01,4.531373083591461182e-01,1.506829559803009033e-01,1.638348251581192017e-01,2.837165892124176025e-01,1.825992614030838013e-01,3.549078702926635742e-01,1.868504583835601807e-01,1.693111211061477661e-01,4.972292780876159668e-01,8.215326815843582153e-02,-7.309511303901672363e-02,5.021274685859680176e-01,2.343830913305282593e-01,3.924083411693572998e-01,2.797314226627349854e-01,1.472906321287155151e-01,3.283804059028625488e-01,3.737536668777465820e-01,4.085283279418945312e-01,1.240046098828315735e-01,2.351699024438858032e-01,-1.145964637398719788e-01,-2.330677211284637451e-01,-2.589040994644165039e-02,1.237551942467689514e-01,-1.166469790041446686e-02,3.525398075580596924e-01,2.039861679077148438e-01,2.073947042226791382e-01,3.565379083156585693e-01,3.966875076293945312e-01,1.632727384567260742e-01,2.953527867794036865e-01,4.975486099720001221e-01,3.485560119152069092e-01,4.164116978645324707e-01,2.817596197128295898e-01,3.982965946197509766e-01,4.537352025508880615e-01,2.628985345363616943e-01,3.357954323291778564e-01,4.895500093698501587e-02,1.353810280561447144e-01,4.144646525382995605e-01,5.818440914154052734e-01,5.459551811218261719e-01,6.983662247657775879e-01,1.889576613903045654e-01,1.677443087100982666e-01,4.085940867662429810e-02,5.241158008575439453e-01,5.600516796112060547e-01,6.253445148468017578e-01,1.465436965227127075e-01,4.891006276011466980e-02,3.953037858009338379e-01,2.191106230020523071e-01,2.650178372859954834e-01,2.495486736297607422e-01,4.662760198116302490e-01,3.359793126583099365e-01,2.110257744789123535e-01,4.163286685943603516e-01,1.510688811540603638e-01,3.319406509399414062e-01,3.191259801387786865e-01,2.153923213481903076e-01,2.915449738502502441e-01,3.895829319953918457e-01,1.522355973720550537e-01,5.706976056098937988e-01,3.813200816512107849e-02,2.472977638244628906e-01,4.801820814609527588e-01,7.255587577819824219e-01,6.501802802085876465e-01,4.488576948642730713e-01,5.263664126396179199e-01,3.220148980617523193e-01,6.339172273874282837e-02,-3.781087398529052734e-01,3.920675069093704224e-02,-2.688132226467132568e-01,3.942316472530364990e-01,3.505643010139465332e-01,2.388625741004943848e-01,1.829338818788528442e-01,1.862391270697116852e-02,-2.068580389022827148e-01,-1.962636411190032959e-01,-2.403756380081176758e-01,8.419768512248992920e-02,1.428112685680389404e-01,-1.344135850667953491e-01,1.018979921936988831e-01,2.229197174310684204e-01,3.273599445819854736e-01,4.693291783332824707e-01,-1.445822268724441528e-01,-1.901247203350067139e-01,-2.159667760133743286e-01
5.048861503601074219e-01,3.933743536472320557e-01,5.798919796943664551e-01,6.283540129661560059e-01,5.241216421127319336e-01,5.924659371376037598e-01,5.013290643692016602e-01,4.740725159645080566e-01,1.000000000000000000e+00,6.879372596740722656e-01,4.599642753601074219e-01,4.396135509014129639e-01,3.780775368213653564e-01,7.323869317770004272e-02,4.969387948513031006e-01,8.422694355249404907e-02,3.989276885986328125e-01,3.484620451927185059e-01,4.230235517024993896e-01,2.823465466499328613e-01,2.343763262033462524e-01,-1.661595106124877930e-01,7.944641262292861938e-02,1.921044141054153442e-01,5.805703401565551758e-01,2.822273373603820801e-01,2.409160733222961426e-01,7.869309931993484497e-02,3.949833214282989502e-01,2.024335265159606934e-01,-3.963747527450323105e-03,7.795526832342147827e-02,2.433286309242248535e-01,3.198856115341186523e-01,-1.369185447692871094e-01,-3.472530096769332886e-02,-4.885278642177581787e-02,-3.298849165439605713e-01,-4.411702603101730347e-02,-1.045206040143966675e-01,1.187931224703788757e-01,-1.299474090337753296e-01,2.527515888214111328e-01,3.771666288375854492e-01,3.055317997932434082e-01,3.585290610790252686e-01,3.018942475318908691e-01,2.238833308219909668e-01,4.088538587093353271e-01,2.415850162506103516e-01,3.694997727870941162e-01,1.582161486148834229e-01,3.961895108222961426e-01,2.366342246532440186e-01,1.774969547986984253e-01,3.835765123367309570e-01,3.722217977046966553e-01,3.867460191249847412e-01,4.070581197738647461e-01,4.040488004684448242e-01,4.424061775207519531e-01,4.495479464530944824e-01,3.622555732727050781e-01,4.464183747768402100e-01,-8.477239310741424561e-02,2.669962048530578613e-01,3.162044286727905273e-01,3.010011315345764160e-01,3.289883732795715332e-01,3.416123986244201660e-01,1.877458579838275909e-02,-4.816571250557899475e-02,3.454593122005462646e-01,1.154401451349258423e-01,1.483358591794967651e-01,1.800160706043243408e-01,3.629403188824653625e-02,1.226797401905059814e-01,3.041965961456298828e-01,3.558636903762817383e-01,4.341527521610260010e-01,2.510862946510314941e-01,1.902804970741271973e-01,-4.251658543944358826e-02,1.839206218719482422e-01,2.338730394840240479e-01,-1.411633491516113281e-01,1.453627496957778931e-01,3.036146163940429688e-01,3.817240893840789795e-01,3.688365817070007324e-01,2.555806338787078857e-01,2.154355645179748535e-01,1.979231685400009155e-01,1.563843190670013428e-01,-1.172642782330513000e-01,2.181942760944366455e-01,2.510177902877330780e-02,2.180911600589752197e-01,2.794566154479980469e-01,7.200638949871063232e-02,2.521102130413055420e-01,-2.908863686025142670e-02,-5.439299345016479492e-02,-1.070899292826652527e-01,-2.505902051925659180e-01,-3.280744422227144241e-03,6.914552301168441772e-02,1.092281788587570190e-01,1.823409795761108398e-01,1.215585842728614807e-01,1.625414788722991943e-01,3.110421299934387207e-01,5.776559188961982727e-02,-1.121033057570457458e-01,-4.627642408013343811e-02
3.300758004188537598e-01,2.597047090530395508e-01,2.774329483509063721e-01,5.815840363502502441e-01,3.935238718986511230e-01,7.868710756301879883e-01,2.105654925107955933e-01,4.201990962028503418e-01,6.879372596740722656e-01,1.000000000000000000e+00,2.615573108196258545e-01,3.937236964702606201e-01,1.937155127525329590e-01,9.428121894598007202e-02,2.897525429725646973e-01,2.683493793010711670e-01,3.071301281452178955e-01,2.559469938278198242e-01,2.584398984909057617e-01,1.873317211866378784e-01,1.934255212545394897e-01,-7.150406949222087860e-03,-7.500203698873519897e-02,1.993393898010253906e-01,5.843888521194458008e-01,3.657003939151763916e-01,2.472741305828094482e-01,2.617891728878021240e-01,2.231533229351043701e-01,2.809538841247558594e-01,-1.072147786617279053e-01,1.225386187434196472e-01,1.921321153640747070e-01,3.083225786685943604e-01,-6.074602901935577393e-02,1.217114403843879700e-01,-3.160181269049644470e-02,-2.385250180959701538e-01,-8.690135926008224487e-02,1.743581332266330719e-02,9.918494522571563721e-02,-2.396778017282485962e-02,3.459576368331909180e-01,4.543564021587371826e-01,3.473660945892333984e-01,3.704703152179718018e-01,3.297691643238067627e-01,1.544011235237121582e-01,2.929090559482574463e-01,7.190977036952972412e-02,2.802753150463104248e-01,-3.616737574338912964e-02,2.961122691631317139e-01,4.555426910519599915e-02,9.580709040164947510e-02,2.702448368072509766e-01,2.267170399427413940e-01,2.153353244066238403e-01,3.157043159008026123e-01,2.719429731369018555e-01,2.741250097751617432e-01,5.244706273078918457e-01,3.241382539272308350e-01,3.052523732185363770e-01,-4.355173930525779724e-02,3.437382280826568604e-01,2.053405046463012695e-01,2.079479694366455078e-01,2.206008136272430420e-01,1.920352578163146973e-01,-3.761117905378341675e-02,-7.015024870634078979e-02,2.083027362823486328e-01,1.995104253292083740e-01,4.881852120161056519e-02,2.491110265254974365e-01,-6.270000245422124863e-03,1.602652817964553833e-01,2.055538594722747803e-01,2.803824245929718018e-01,3.675204217433929443e-01,1.379364132881164551e-01,1.752061843872070312e-01,3.242546692490577698e-02,1.992982029914855957e-01,2.506801187992095947e-01,-2.042152881622314453e-01,1.595031842589378357e-02,2.223177403211593628e-01,3.443195521831512451e-01,1.641307473182678223e-01,1.556918118149042130e-02,1.427025198936462402e-01,-2.747208252549171448e-02,1.069760993123054504e-01,-4.755981639027595520e-02,1.103352457284927368e-01,1.120349541306495667e-01,1.166024506092071533e-01,1.054567992687225342e-01,-1.311027705669403076e-01,-1.005508191883563995e-02,-7.093255966901779175e-02,-8.016258478164672852e-02,-2.027309238910675049e-01,-2.009846568107604980e-01,-8.810868114233016968e-02,1.830148696899414062e-01,6.317526847124099731e-02,2.722382545471191406e-01,6.291652470827102661e-02,-1.578050851821899414e-02,1.771504133939743042e-01,1.038035973906517029e-01,-1.389270722866058350e-01,-3.696686401963233948e-02
7.208848595619201660e-01,2.375729084014892578e-01,5.529919266700744629e-01,2.923916280269622803e-01,5.344299077987670898e-01,1.032750308513641357e-01,7.171006202697753906e-01,5.568776130676269531e-01,4.599642753601074219e-01,2.615573108196258545e-01,1.000000000000000000e+00,5.728114247322082520e-01,8.222892880439758301e-01,5.114681720733642578e-01,7.060515284538269043e-01,3.822663426399230957e-01,3.034472167491912842e-01,2.602250277996063232e-01,3.965930044651031494e-01,2.410638034343719482e-01,3.673856854438781738e-01,1.365294158458709717e-01,3.253265917301177979e-01,2.592410147190093994e-01,1.248196810483932495e-01,-1.730310320854187012e-01,3.204050362110137939e-01,1.918414980173110962e-01,5.581222772598266602e-01,2.665381729602813721e-01,1.427190899848937988e-01,6.693827360868453979e-02,3.117797672748565674e-01,2.221564203500747681e-01,-8.617850393056869507e-02,-1.926548928022384644e-01,-5.348174832761287689e-03,-2.497840523719787598e-01,9.593071788549423218e-02,-6.619716435670852661e-02,5.860416591167449951e-02,2.148839980363845825e-01,2.550721168518066406e-01,2.304317355155944824e-01,1.484408825635910034e-01,2.281008213758468628e-01,1.980753988027572632e-01,2.617854475975036621e-01,2.962833642959594727e-01,3.129414916038513184e-01,2.444583177566528320e-01,1.855581253767013550e-01,4.440383911132812500e-01,4.971019029617309570e-01,3.296465873718261719e-01,4.402989149093627930e-01,1.623758971691131592e-01,1.949607878923416138e-01,2.572300434112548828e-01,2.990014255046844482e-01,6.396890282630920410e-01,3.373818695545196533e-01,3.393030464649200439e-01,3.033092617988586426e-01,1.706776171922683716e-01,1.676647365093231201e-01,4.228828847408294678e-01,3.060147464275360107e-01,2.547345459461212158e-01,2.521689236164093018e-01,1.818875521421432495e-01,2.728503569960594177e-02,4.047538638114929199e-01,1.619958132505416870e-01,5.056503415107727051e-01,2.098005264997482300e-01,2.323246598243713379e-01,1.092401966452598572e-01,1.885097920894622803e-01,3.901542723178863525e-01,3.838903903961181641e-01,4.186984002590179443e-01,4.822537302970886230e-01,4.033406674861907959e-01,3.036545217037200928e-01,3.942351639270782471e-01,2.439361959695816040e-01,2.672775089740753174e-01,4.137599468231201172e-01,5.069173574447631836e-01,4.010316431522369385e-01,4.281583726406097412e-01,2.088334411382675171e-01,3.516852855682373047e-01,9.145855903625488281e-02,-2.292514145374298096e-01,1.189955025911331177e-01,-1.200997158885002136e-01,4.318783581256866455e-01,3.824533522129058838e-01,1.837933212518692017e-01,3.298782408237457275e-01,1.476788222789764404e-01,-1.120876371860504150e-01,-2.046412080526351929e-01,-4.911383986473083496e-02,1.292352564632892609e-02,3.310330584645271301e-02,-1.663825511932373047e-01,1.595031172037124634e-01,1.611588448286056519e-01,4.066658318042755127e-01,4.578435122966766357e-01,6.016204878687858582e-02,2.413890697062015533e-02,-3.175534009933471680e-01
6.552481651306152344e-01,3.353121280670166016e-01,4.414587914943695068e-01,5.977168083190917969e-01,7.095818519592285156e-01,2.374284714460372925e-01,4.883456230163574219e-01,7.522487044334411621e-01,4.396135509014129639e-01,3.937236964702606201e-01,5.728114247322082520e-01,1.000000000000000000e+00,6.196019053459167480e-01,6.440580487251281738e-01,5.678842067718505859e-01,4.417321979999542236e-01,2.594465315341949463e-01,2.911638617515563965e-01,3.578410148620605469e-01,2.850540578365325928e-01,4.172667562961578369e-01,2.397906780242919922e-01,1.347641944885253906e-01,2.846350967884063721e-01,1.056015044450759888e-01,-1.499394476413726807e-01,4.895084798336029053e-01,2.547622025012969971e-01,4.419771432876586914e-01,4.101436138153076172e-01,1.744225621223449707e-01,2.047849744558334351e-01,4.154497385025024414e-01,4.145433008670806885e-01,2.656619064509868622e-02,3.296301141381263733e-02,-1.332360357046127319e-01,-2.952479720115661621e-01,1.342542320489883423e-01,-6.025108695030212402e-02,1.181264743208885193e-01,3.097455799579620361e-01,9.034497290849685669e-02,1.410312503576278687e-01,9.335114061832427979e-02,2.656533420085906982e-01,1.109241396188735962e-01,1.861914396286010742e-01,4.290405213832855225e-01,5.212837457656860352e-01,4.260147511959075928e-01,2.303077131509780884e-01,5.156330466270446777e-01,3.950064480304718018e-01,2.991110086441040039e-01,3.677467703819274902e-01,2.030553966760635376e-01,3.846485614776611328e-01,5.720573663711547852e-01,6.769852042198181152e-01,7.356937527656555176e-01,5.787171125411987305e-01,3.868428766727447510e-01,3.094176948070526123e-01,-1.498685926198959351e-01,2.641827166080474854e-01,3.172100186347961426e-01,3.646574616432189941e-01,2.401751875877380371e-01,1.245166659355163574e-01,3.485547304153442383e-01,2.622456848621368408e-01,3.067120015621185303e-01,3.184890747070312500e-01,3.997811675071716309e-01,2.834215462207794189e-01,2.396488338708877563e-01,4.561543762683868408e-01,1.672499626874923706e-01,3.847637474536895752e-01,4.268614649772644043e-01,3.337579071521759033e-01,3.905905187129974365e-01,3.962951898574829102e-01,1.123198717832565308e-01,5.255381464958190918e-01,-7.034091651439666748e-02,2.712873220443725586e-01,5.105209946632385254e-01,7.111933827400207520e-01,5.134122967720031738e-01,3.570370078086853027e-01,3.250118792057037354e-01,2.194347083568572998e-01,1.973232179880142212e-01,-3.078524768352508545e-01,2.148887142539024353e-02,-1.127615422010421753e-01,3.464919328689575195e-01,3.968012034893035889e-01,2.333654165267944336e-01,1.995415687561035156e-01,-2.528592385351657867e-02,-2.313293069601058960e-01,-3.623799979686737061e-01,-2.532873451709747314e-01,-5.290777981281280518e-02,2.334151118993759155e-01,-5.721663311123847961e-02,2.168333530426025391e-01,1.113426089286804199e-01,2.763427793979644775e-01,3.916060924530029297e-01,-2.601424977183341980e-02,-1.875599473714828491e-01,-2.339375615119934082e-01
6.849203705787658691e-01,2.028831392526626587e-01,5.885891318321228027e-01,2.784925997257232666e-01,5.706607699394226074e-01,9.018847346305847168e-02,6.194630861282348633e-01,5.453020334243774414e-01,3.780775368213653564e-01,1.937155127525329590e-01,8.222892880439758301e-01,6.196019053459167480e-01,1.000000000000000000e+00,5.700606703758239746e-01,7.103113532066345215e-01,3.396580517292022705e-01,2.168461084365844727e-01,2.138642072677612305e-01,2.644308209419250488e-01,1.129414588212966919e-01,4.689916968345642090e-01,2.441114485263824463e-01,2.730902135372161865e-01,1.796076893806457520e-01,1.152321696281433105e-01,-1.084845513105392456e-01,3.646047413349151611e-01,2.737014889717102051e-01,5.600101351737976074e-01,2.326007336378097534e-01,1.730917841196060181e-01,5.970384459942579269e-03,3.336565196514129639e-01,1.915958523750305176e-01,-1.089852396398782730e-02,-1.462455689907073975e-01,1.222465857863426208e-01,-1.364457160234451294e-01,2.499358057975769043e-01,-4.975343868136405945e-02,2.402583360671997070e-01,2.361309975385665894e-01,2.777991890907287598e-01,2.201671898365020752e-01,7.760516554117202759e-02,1.843467503786087036e-01,2.079531550407409668e-01,2.618637084960937500e-01,3.503594100475311279e-01,4.200579822063446045e-01,3.995395004749298096e-01,1.694022864103317261e-01,5.643501877784729004e-01,4.919645488262176514e-01,4.721555411815643311e-01,5.155959725379943848e-01,1.084581464529037476e-01,2.651694416999816895e-01,3.392036259174346924e-01,4.180865287780761719e-01,7.239279747009277344e-01,3.172952830791473389e-01,2.393915206193923950e-01,2.804861962795257568e-01,9.936686605215072632e-02,1.161509603261947632e-01,3.988182842731475830e-01,3.124707043170928955e-01,2.070682346820831299e-01,1.938824057579040527e-01,1.976332366466522217e-01,9.376527369022369385e-02,3.590342104434967041e-01,1.276175528764724731e-01,5.121382474899291992e-01,1.235977336764335632e-01,2.832168638706207275e-01,1.750021874904632568e-01,1.121392473578453064e-01,3.280328214168548584e-01,3.345467746257781982e-01,3.380299508571624756e-01,4.714475870132446289e-01,3.750741779804229736e-01,2.689738869667053223e-01,3.859477043151855469e-01,2.246088832616806030e-01,2.812159061431884766e-01,5.489819645881652832e-01,5.757641792297363281e-01,3.540948331356048584e-01,4.189425110816955566e-01,1.835337579250335693e-01,3.550997376441955566e-01,3.709762543439865112e-02,-1.790897697210311890e-01,1.139289513230323792e-01,-7.465668767690658569e-02,3.760127425193786621e-01,3.553698062896728516e-01,2.493973672389984131e-01,3.171970546245574951e-01,1.429183781147003174e-01,-1.194641292095184326e-01,-1.698219329118728638e-01,-1.047293841838836670e-01,-2.860057912766933441e-02,9.613351896405220032e-03,-1.965190917253494263e-01,1.239217445254325867e-01,1.848887950181961060e-01,3.723368346691131592e-01,4.326204061508178711e-01,-2.455644495785236359e-02,2.177788689732551575e-02,-3.035948872566223145e-01
