1.000000000000000000e+00,3.692895174026489258e-01,1.587540060281753540e-01,2.674335241317749023e-01,4.272277057170867920e-01,1.498470604419708252e-01,3.552318513393402100e-01,3.515596687793731689e-01,4.023669362068176270e-01,4.002240896224975586e-01,5.497508049011230469e-01,4.635691940784454346e-01,4.292718172073364258e-01,4.149007201194763184e-01,4.318613409996032715e-01,4.378884136676788330e-01,2.686925232410430908e-01,4.216448590159416199e-02,4.457407593727111816e-01,4.958467185497283936e-01,9.994042664766311646e-02,1.130659040063619614e-02,-8.670483715832233429e-03,7.532235980033874512e-02,-9.269393235445022583e-02,-1.574224829673767090e-01,2.619296014308929443e-01,2.004649303853511810e-02,2.240093797445297241e-01,2.871519029140472412e-01,1.698966622352600098e-01,-3.398099169135093689e-02,1.824158877134323120e-01,2.666998803615570068e-01,-2.653418183326721191e-01,-1.254235655069351196e-01,-1.309755258262157440e-02,-4.534125030040740967e-01,1.186568960547447205e-01,-2.382243610918521881e-02,1.495466679334640503e-01,1.651608501560986042e-03,9.598175436258316040e-02,2.501871287822723389e-01,4.612541943788528442e-02,4.974361509084701538e-03,3.322919309139251709e-01,3.959214985370635986e-01,2.247276753187179565e-01,2.353165894746780396e-01,4.935406148433685303e-02,1.232788041234016418e-01,1.964109688997268677e-01,2.581074237823486328e-01,2.367657274007797241e-01,3.441115319728851318e-01,2.976578772068023682e-01,2.718644738197326660e-01,4.158915579319000244e-01,3.881413340568542480e-01,4.065982699394226074e-01,2.537015676498413086e-01,2.401560097932815552e-01,2.605175077915191650e-01,-1.762349605560302734e-01,-5.967476963996887207e-02,-1.189432144165039062e-01,-9.477809071540832520e-02,2.389187216758728027e-01,1.658426374197006226e-01,1.274724304676055908e-01,1.545708030462265015e-01,3.044459223747253418e-02,1.391751766204833984e-01,-7.513071596622467041e-02,1.745528727769851685e-01,2.797179818153381348e-01,2.973058521747589111e-01,3.693690150976181030e-02,-4.057578369975090027e-02,3.585755228996276855e-01,1.442800015211105347e-01,1.574072241783142090e-01,2.481205761432647705e-02,1.562938094139099121e-01,1.185774132609367371e-01,1.763114780187606812e-01,-1.633955538272857666e-01,2.485353052616119385e-01,7.121358811855316162e-02,6.914757937192916870e-02,2.265967726707458496e-01,1.276652961969375610e-01,1.201693415641784668e-01,9.377810359001159668e-02,-1.686554104089736938e-01,3.299865722656250000e-01,9.490837156772613525e-02,3.960909545421600342e-01,4.557074904441833496e-01,1.050299927592277527e-01,1.948791593313217163e-01,1.815527826547622681e-01,2.878040969371795654e-01,-4.288299474865198135e-03,1.747775524854660034e-01,1.159893125295639038e-01,1.219677105545997620e-01,6.384754925966262817e-02,1.112016886472702026e-01,-4.162593558430671692e-02,2.626530230045318604e-01,3.483272790908813477e-01,2.682368457317352295e-01,1.608573943376541138e-01,1.346921920776367188e-01
3.692895174026489258e-01,1.000000000000000000e+00,-1.695022583007812500e-01,3.911862894892692566e-02,1.528391838073730469e-01,1.140031125396490097e-02,-3.199615702033042908e-02,-2.418316528201103210e-02,2.247619479894638062e-01,-1.249530464410781860e-01,8.062005043029785156e-02,5.107224583625793457e-01,1.341500729322433472e-01,-3.364189714193344116e-02,-3.512312844395637512e-02,2.079221010208129883e-01,5.060068368911743164e-01,4.766284227371215820e-01,2.986643612384796143e-01,5.584820508956909180e-01,1.853924542665481567e-01,5.894061550498008728e-02,-2.772787809371948242e-01,-2.700638771057128906e-01,-4.173648729920387268e-02,7.902801036834716797e-03,1.426000148057937622e-01,4.921858757734298706e-02,3.146947324275970459e-01,3.760892748832702637e-01,-1.456555873155593872e-01,1.616208697669208050e-03,-5.768423900008201599e-02,1.414190977811813354e-01,-3.092726469039916992e-01,-1.350391060113906860e-01,5.878341943025588989e-02,-2.403954714536666870e-01,1.153306588530540466e-01,1.254790425300598145e-01,2.989147901535034180e-01,-6.385941058397293091e-02,3.808867186307907104e-02,1.517112404108047485e-01,4.061525315046310425e-02,7.348386198282241821e-02,1.745495498180389404e-01,1.883869469165802002e-01,2.490944694727659225e-03,-9.341986477375030518e-02,-6.984432041645050049e-02,-4.218963161110877991e-02,4.809973388910293579e-02,8.842001855373382568e-02,3.144299983978271484e-01,1.900659203529357910e-01,7.015842199325561523e-01,7.530759572982788086e-01,4.424249287694692612e-03,2.362628132104873657e-01,1.958711445331573486e-02,2.552986145019531250e-02,2.027033865451812744e-01,4.648092687129974365e-01,-3.170568943023681641e-01,-1.851106584072113037e-01,-2.640521228313446045e-01,-4.927997291088104248e-02,1.821828782558441162e-01,2.701771259307861328e-01,5.075897276401519775e-02,1.766091585159301758e-01,6.392648071050643921e-02,2.877741456031799316e-01,-1.396296918392181396e-01,2.566111981868743896e-01,2.452712804079055786e-01,3.516822457313537598e-01,5.470058321952819824e-02,6.959563493728637695e-02,3.141313493251800537e-01,1.318395286798477173e-01,1.906121820211410522e-01,3.060873746871948242e-01,-2.152768075466156006e-01,-1.777911335229873657e-01,2.449972927570343018e-01,-4.545855335891246796e-03,-7.808895409107208252e-02,-1.176610141992568970e-01,-1.554403267800807953e-02,-6.588497664779424667e-03,-1.477078497409820557e-01,-1.803651601076126099e-01,5.258994549512863159e-02,-3.796152025461196899e-02,1.636042892932891846e-01,1.276579350233078003e-01,3.791802823543548584e-01,3.935818672180175781e-01,6.058681383728981018e-02,-4.354143515229225159e-02,2.771791815757751465e-01,3.030201494693756104e-01,1.962641477584838867e-01,8.882858604192733765e-02,2.926544845104217529e-01,2.693090140819549561e-01,2.860859781503677368e-02,-1.243291795253753662e-01,-3.200885653495788574e-01,2.496101409196853638e-01,1.252855062484741211e-01,1.811737567186355591e-01,1.421603467315435410e-02,2.692792415618896484e-01
1.587540060281753540e-01,-1.695022583007812500e-01,1.000000000000000000e+00,3.827275931835174561e-01,3.308740258216857910e-01,1.310978829860687256e-01,6.209146976470947266e-01,1.007542237639427185e-01,4.127005040645599365e-01,2.111262828111648560e-01,2.136454731225967407e-01,-1.018496453762054443e-01,1.512369513511657715e-01,1.271249949932098389e-01,4.787601530551910400e-01,4.086146950721740723e-01,4.162973165512084961e-02,-9.511930868029594421e-03,3.137803077697753906e-01,1.178135052323341370e-01,2.027485147118568420e-02,-4.026364907622337341e-02,5.369012355804443359e-01,3.368451297283172607e-01,4.328500032424926758e-01,2.066659927368164062e-01,6.744521111249923706e-02,2.154859602451324463e-01,1.319268792867660522e-01,1.081361621618270874e-01,3.516648411750793457e-01,1.373053789138793945e-01,4.506114721298217773e-01,2.522656023502349854e-01,2.514119446277618408e-01,4.015257209539413452e-02,-2.057096362113952637e-01,-2.466136813163757324e-01,-2.285706698894500732e-01,-1.984381675720214844e-01,-2.290323823690414429e-01,-5.343165993690490723e-02,-1.756477169692516327e-02,-5.159500986337661743e-02,1.657851785421371460e-01,-1.213918551802635193e-01,4.366469010710716248e-02,-1.783742010593414307e-02,2.464727759361267090e-01,1.935231387615203857e-01,1.839792281389236450e-01,1.851360201835632324e-01,2.379771769046783447e-01,2.766912877559661865e-01,6.992591917514801025e-02,7.620279490947723389e-02,-1.035551726818084717e-01,-8.677441626787185669e-02,2.520382702350616455e-01,1.698580980300903320e-01,2.615227401256561279e-01,1.215343698859214783e-01,1.024611368775367737e-01,-4.426330327987670898e-02,4.987718760967254639e-01,1.656813770532608032e-01,2.502034306526184082e-01,-2.087849006056785583e-02,1.865488141775131226e-01,7.362578064203262329e-02,1.175524890422821045e-01,-6.669621448963880539e-03,9.767569601535797119e-02,-1.875358968973159790e-01,-5.114948749542236328e-02,-1.160155385732650757e-01,2.874101884663105011e-02,-6.362663209438323975e-02,3.123469352722167969e-01,3.232828080654144287e-01,1.155625730752944946e-01,3.238770663738250732e-01,2.064457386732101440e-01,1.819151490926742554e-01,5.206968784332275391e-01,3.424976468086242676e-01,2.509241104125976562e-01,-6.426118779927492142e-03,2.727208435535430908e-01,3.032680451869964600e-01,1.636959165334701538e-01,3.372864127159118652e-01,1.891562342643737793e-01,1.208492517471313477e-01,-5.689472425729036331e-03,5.456992611289024353e-02,1.074806600809097290e-01,5.292277783155441284e-02,5.795591697096824646e-02,2.235741913318634033e-01,-1.875312812626361847e-02,2.095048576593399048e-01,-3.418501093983650208e-02,2.199943959712982178e-01,-2.189359962940216064e-01,-9.601966291666030884e-02,-2.123632133007049561e-01,-3.879329189658164978e-02,8.489019423723220825e-02,1.455157101154327393e-01,3.083906508982181549e-02,-4.361845180392265320e-02,1.257734149694442749e-01,1.100841164588928223e-01,1.177089216071180999e-04,-9.836836904287338257e-02
2.674335241317749023e-01,3.911862894892692566e-02,3.827275931835174561e-01,1.000000000000000000e+00,3.980827331542968750e-01,3.652706742286682129e-01,5.344541668891906738e-01,6.731095314025878906e-01,4.923357665538787842e-01,5.421128869056701660e-01,3.478313684463500977e-01,2.996118664741516113e-01,2.313007265329360962e-01,4.514286816120147705e-01,2.546549141407012939e-01,4.422300457954406738e-01,5.172298476099967957e-02,-1.553465723991394043e-01,4.186668694019317627e-01,4.243385195732116699e-01,2.167845368385314941e-01,2.003165036439895630e-01,2.350101023912429810e-01,5.629981756210327148e-01,-1.106389686465263367e-01,3.183984011411666870e-02,9.630530327558517456e-02,-6.235849857330322266e-02,7.914503663778305054e-02,1.081829518079757690e-01,2.937398254871368408e-01,2.416045218706130981e-01,5.021727085113525391e-01,5.276864767074584961e-01,1.210970506072044373e-01,2.648120820522308350e-01,-2.081050723791122437e-01,-3.466033041477203369e-01,1.185693126171827316e-02,-7.092235237360000610e-02,-4.563858360052108765e-02,2.143571898341178894e-02,1.929281949996948242e-01,2.091488391160964966e-01,4.238411188125610352e-01,1.944629102945327759e-01,3.029609918594360352e-01,2.848095595836639404e-01,3.536055386066436768e-01,3.330886065959930420e-01,1.611251682043075562e-01,2.351373285055160522e-01,2.898456752300262451e-01,2.155295759439468384e-01,2.515003383159637451e-01,5.258125811815261841e-02,-5.856433883309364319e-02,-2.673169039189815521e-02,2.430972307920455933e-01,5.611742138862609863e-01,1.856470555067062378e-01,5.408776402473449707e-01,1.565608829259872437e-01,2.344512045383453369e-01,1.721686720848083496e-01,3.093807101249694824e-01,3.173815906047821045e-01,3.782544434070587158e-01,3.473410606384277344e-01,1.691703051328659058e-01,7.047545909881591797e-02,6.716340780258178711e-02,-1.617540717124938965e-01,4.838030785322189331e-03,-9.299668669700622559e-02,9.100409597158432007e-02,6.474132090806961060e-02,5.256917327642440796e-02,8.069942146539688110e-02,2.549773780629038811e-03,1.540101170539855957e-01,6.067400425672531128e-02,6.163316778838634491e-03,-1.118577197194099426e-01,2.087898850440979004e-01,3.594835102558135986e-01,2.513310015201568604e-01,-3.239778280258178711e-01,1.929419338703155518e-01,-8.338508754968643188e-02,4.229806959629058838e-01,1.996337026357650757e-01,4.607075452804565430e-01,2.375311851501464844e-01,-5.953113548457622528e-03,-1.813110411167144775e-01,1.049100160598754883e-01,-1.652823239564895630e-01,4.301438629627227783e-01,2.030581533908843994e-01,3.017655611038208008e-01,2.012325823307037354e-01,1.594666391611099243e-01,1.999692767858505249e-01,-2.380843646824359894e-02,-7.380748540163040161e-02,2.921913936734199524e-02,-1.373395174741744995e-01,2.220301330089569092e-02,5.338551476597785950e-02,-4.280042648315429688e-02,-2.536484785377979279e-02,3.009487092494964600e-01,1.486022919416427612e-01,4.221002385020256042e-02,-1.851415447890758514e-02
4.272277057170867920e-01,1.528391838073730469e-01,3.308740258216857910e-01,3.980827331542968750e-01,1.000000000000000000e+00,1.576401144266128540e-01,5.173485279083251953e-01,4.435862600803375244e-01,7.197256088256835938e-01,3.090242743492126465e-01,4.805915355682373047e-01,2.765610814094543457e-01,4.662813842296600342e-01,3.002239763736724854e-01,5.744190216064453125e-01,3.485954999923706055e-01,2.585996128618717194e-02,-1.859237849712371826e-01,2.829144299030303955e-01,2.976592779159545898e-01,2.888840623199939728e-03,-8.940134197473526001e-02,1.512371450662612915e-01,1.555025726556777954e-01,1.046765744686126709e-01,-4.221243783831596375e-02,6.095594167709350586e-01,3.816874027252197266e-01,5.331025272607803345e-02,5.540579557418823242e-02,2.323503494262695312e-01,-1.476752460002899170e-01,2.073381692171096802e-01,3.525118231773376465e-01,-5.036405101418495178e-02,-1.432159333489835262e-03,6.594368070363998413e-02,-2.773534655570983887e-01,1.406846791505813599e-01,5.194213241338729858e-03,1.173870638012886047e-01,-2.482321299612522125e-02,-4.181620199233293533e-03,7.699092850089073181e-03,2.920479513704776764e-02,-1.704448014497756958e-01,7.124195247888565063e-02,1.638782322406768799e-01,1.565061807632446289e-01,5.752322077751159668e-02,4.885089769959449768e-02,4.237273707985877991e-02,3.450653329491615295e-02,1.047098264098167419e-01,1.113707870244979858e-01,5.332038551568984985e-02,6.361084058880805969e-03,1.087730377912521362e-02,1.735994070768356323e-01,3.470524251461029053e-01,2.488739788532257080e-01,3.697230517864227295e-01,2.747280895709991455e-01,1.479941010475158691e-01,2.440364286303520203e-02,2.624587342143058777e-02,9.068920463323593140e-02,3.243461996316909790e-02,2.050869315862655640e-01,4.814210906624794006e-02,-3.420677036046981812e-02,-5.436513945460319519e-02,-1.694771349430084229e-01,-1.854522079229354858e-01,-2.380371987819671631e-01,-1.128835156559944153e-01,1.568410098552703857e-01,1.383250206708908081e-01,3.381055220961570740e-02,-1.316477954387664795e-01,2.050951570272445679e-01,-1.687332801520824432e-02,1.494712978601455688e-01,4.614294040948152542e-03,2.063568979501724243e-01,1.524782925844192505e-01,4.078086316585540771e-01,-4.594704951159656048e-04,3.096504509449005127e-01,1.244420558214187622e-01,2.825790345668792725e-01,3.663894236087799072e-01,3.258033990859985352e-01,2.893307209014892578e-01,2.153592556715011597e-01,-1.576596796512603760e-01,1.467119902372360229e-01,-4.687654599547386169e-02,1.865228861570358276e-01,1.894695609807968140e-01,2.697858810424804688e-01,-2.545323222875595093e-02,1.614452004432678223e-01,1.654737293720245361e-01,9.401351958513259888e-02,1.813770532608032227e-01,1.571673154830932617e-01,1.207877770066261292e-01,2.122675925493240356e-01,1.911013871431350708e-01,-1.833727806806564331e-01,1.396310329437255859e-02,3.428475558757781982e-01,2.525515258312225342e-01,3.002449870109558105e-01,1.792393177747726440e-01
1.498470604419708252e-01,1.140031125396490097e-02,1.310978829860687256e-01,3.652706742286682129e-01,1.576401144266128540e-01,1.000000000000000000e+00,1.467290427535772324e-02,2.743865251541137695e-01,1.040796339511871338e-01,4.080577790737152100e-01,1.356481481343507767e-02,-6.710379570722579956e-02,-6.897972524166107178e-02,1.208127588033676147e-01,9.957923740148544312e-02,2.717355191707611084e-01,-1.850406825542449951e-01,-2.726978659629821777e-01,2.477949112653732300e-02,2.232665754854679108e-02,2.037865854799747467e-02,1.988254189491271973e-01,3.478842675685882568e-01,4.214877188205718994e-01,2.113572508096694946e-01,3.598449826240539551e-01,1.642463169991970062e-02,2.341001629829406738e-01,-2.971239089965820312e-01,-3.136446475982666016e-01,1.700253039598464966e-01,1.034244447946548462e-01,-2.086305059492588043e-02,9.334140270948410034e-02,1.060899421572685242e-01,1.605887711048126221e-01,1.921096295118331909e-01,-2.535198032855987549e-01,1.418440639972686768e-01,3.137489557266235352e-01,2.722742855548858643e-01,-1.643284857273101807e-01,4.061004519462585449e-01,3.899337053298950195e-01,1.892779320478439331e-01,2.958765625953674316e-01,4.034117758274078369e-01,3.635013997554779053e-01,3.386680781841278076e-01,5.243855714797973633e-01,3.503459692001342773e-01,3.859560489654541016e-01,2.980881631374359131e-01,1.807519197463989258e-01,2.558872401714324951e-01,2.809476852416992188e-01,-1.096793487668037415e-01,4.103484004735946655e-02,2.413744330406188965e-01,5.102521777153015137e-01,1.418019682168960571e-01,2.982874810695648193e-01,-1.091733649373054504e-01,-4.644791036844253540e-02,2.888467535376548767e-02,3.118311762809753418e-01,2.941505312919616699e-01,4.238582849502563477e-01,2.422501742839813232e-01,1.593873053789138794e-01,6.594798713922500610e-02,-2.444281987845897675e-02,7.964111119508743286e-02,1.355639100074768066e-02,-1.443139165639877319e-01,9.642211347818374634e-02,2.290005683898925781e-01,2.418535947799682617e-01,-1.767451912164688110e-01,-1.407543718814849854e-01,-1.606943011283874512e-01,-2.071212679147720337e-01,-1.921511888504028320e-01,-3.053196072578430176e-01,3.369841277599334717e-01,4.793818593025207520e-01,3.782298043370246887e-02,-2.518042325973510742e-01,1.960455626249313354e-01,7.883135229349136353e-02,4.522505402565002441e-02,-1.343497633934020996e-01,1.080326661467552185e-01,-5.576560273766517639e-02,1.451781988143920898e-01,-1.075308099389076233e-01,1.141950041055679321e-01,5.171300470829010010e-02,1.642401516437530518e-01,5.232485383749008179e-02,3.642832040786743164e-01,2.400439046323299408e-02,1.427156776189804077e-01,1.562202423810958862e-01,2.024398297071456909e-01,1.409283876419067383e-01,2.122242748737335205e-01,3.348588943481445312e-02,7.374417781829833984e-02,7.183407992124557495e-02,-2.158723324537277222e-01,-2.169135212898254395e-01,7.013186067342758179e-02,2.958913147449493408e-01,2.669979929924011230e-01,2.089830636978149414e-01
3.552318513393402100e-01,-3.199615702033042908e-02,6.209146976470947266e-01,5.344541668891906738e-01,5.173485279083251953e-01,1.467290427535772324e-02,1.000000000000000000e+00,4.724280834197998047e-01,6.042618751525878906e-01,3.142472803592681885e-01,5.696511268615722656e-01,2.464796155691146851e-01,5.490360260009765625e-01,4.348667562007904053e-01,5.339987277984619141e-01,4.074060618877410889e-01,8.878149092197418213e-02,-5.290635302662849426e-02,3.946810960769653320e-01,3.429946005344390869e-01,1.354544758796691895e-01,1.197804063558578491e-01,2.181865870952606201e-01,2.263019084930419922e-01,7.880628108978271484e-02,-5.157799646258354187e-02,1.996818184852600098e-01,4.953555390238761902e-02,2.115633338689804077e-01,2.093863934278488159e-01,3.085565865039825439e-01,1.631996780633926392e-01,5.047863721847534180e-01,4.597494304180145264e-01,3.843184560537338257e-02,1.638916507363319397e-02,-2.554254829883575439e-01,-2.840840518474578857e-01,-9.931318461894989014e-02,-2.549386024475097656e-01,-1.648761034011840820e-01,-2.173589356243610382e-02,-6.024777516722679138e-02,-5.480227991938591003e-02,1.490216702222824097e-01,-1.205702200531959534e-01,7.245028764009475708e-02,-3.349341452121734619e-02,9.639442712068557739e-02,5.323280021548271179e-02,-3.842820599675178528e-02,-3.162815794348716736e-02,-2.390542067587375641e-02,4.535026475787162781e-02,-1.366347190923988819e-03,-6.126283109188079834e-02,-1.010408997535705566e-01,-7.800880074501037598e-02,2.262858599424362183e-01,2.598316371440887451e-01,3.752435445785522461e-01,3.730960786342620850e-01,3.025675415992736816e-01,1.531267911195755005e-01,3.326411247253417969e-01,1.116059869527816772e-01,2.016305625438690186e-01,6.392463296651840210e-02,2.127057164907455444e-01,1.587321758270263672e-01,9.539785236120223999e-02,7.351859658956527710e-02,-8.074657618999481201e-02,-1.206497550010681152e-01,-1.028345748782157898e-01,-9.891059994697570801e-02,9.005647152662277222e-02,-5.772056430578231812e-02,2.441896349191665649e-01,2.055530548095703125e-01,2.304735481739044189e-01,2.057304084300994873e-01,2.074184119701385498e-01,1.072759181261062622e-01,3.484984934329986572e-01,1.522624790668487549e-01,3.161136806011199951e-01,-1.123417243361473083e-01,1.662928164005279541e-01,9.463969618082046509e-02,1.970564872026443481e-01,3.445561230182647705e-01,3.677295744419097900e-01,2.441918551921844482e-01,-4.748964309692382812e-02,-7.882101833820343018e-02,1.001690253615379333e-01,-9.799228608608245850e-02,1.393387615680694580e-01,2.269732356071472168e-01,8.371061831712722778e-02,2.362722754478454590e-01,-5.460681859403848648e-04,2.268826663494110107e-01,-2.222458273172378540e-01,-7.330429553985595703e-02,-1.857226639986038208e-01,-7.473459094762802124e-02,8.246678044088184834e-05,9.620343148708343506e-02,3.557884320616722107e-02,6.885374430567026138e-03,2.909905314445495605e-01,5.760964006185531616e-02,-3.097912296652793884e-02,-1.060111373662948608e-01
3.515596687793731689e-01,-2.418316528201103210e-02,1.007542237639427185e-01,6.731095314025878906e-01,4.435862600803375244e-01,2.743865251541137695e-01,4.724280834197998047e-01,1.000000000000000000e+00,4.645376801490783691e-01,6.360364556312561035e-01,4.872867465019226074e-01,3.617847859859466553e-01,4.217778444290161133e-01,5.629600286483764648e-01,3.083068132400512695e-01,1.920759081840515137e-01,-2.591793611645698547e-02,-2.779600918292999268e-01,3.277522027492523193e-01,2.772216796875000000e-01,1.404101848602294922e-01,2.698611319065093994e-01,1.184469237923622131e-01,4.734691679477691650e-01,-3.072476983070373535e-01,-6.498625129461288452e-02,1.500831991434097290e-01,-1.411413550376892090e-01,-2.459570206701755524e-02,-5.523210391402244568e-02,2.825378775596618652e-01,1.718142032623291016e-01,2.833491563796997070e-01,3.450602591037750244e-01,9.041005373001098633e-02,2.881768941879272461e-01,-1.043100655078887939e-01,-3.097944557666778564e-01,1.342392861843109131e-01,2.341047115623950958e-02,-1.240060664713382721e-02,1.003473475575447083e-01,2.940629422664642334e-01,2.475251406431198120e-01,2.787954211235046387e-01,1.222841739654541016e-01,3.150385022163391113e-01,2.932069003582000732e-01,2.126394808292388916e-01,2.888047099113464355e-01,1.405664719641208649e-02,1.501146405935287476e-01,1.165634393692016602e-01,6.115980446338653564e-02,1.597767919301986694e-01,-2.170628681778907776e-02,-1.931247115135192871e-01,-1.574285179376602173e-01,1.811430007219314575e-01,5.350740551948547363e-01,2.851480245590209961e-01,6.903990507125854492e-01,1.353435963392257690e-01,1.210614591836929321e-01,1.383402198553085327e-01,3.825131058692932129e-01,2.115395516157150269e-01,3.346902728080749512e-01,2.292381078004837036e-01,6.727977842092514038e-02,2.193738147616386414e-02,4.402611870318651199e-03,-2.114341109991073608e-01,4.516464658081531525e-03,-7.499504089355468750e-02,6.546252220869064331e-02,7.926945388317108154e-02,-1.216618716716766357e-02,-1.512073725461959839e-02,-1.326859444379806519e-01,1.326823532581329346e-01,-1.889982819557189941e-01,-1.133145298808813095e-03,-2.769367694854736328e-01,1.680729836225509644e-01,1.974776089191436768e-01,2.112743258476257324e-01,-3.861975669860839844e-01,2.554928660392761230e-01,-1.539659500122070312e-01,3.829876184463500977e-01,1.411041170358657837e-01,5.803214311599731445e-01,2.810494899749755859e-01,-1.163592282682657242e-02,-2.556712627410888672e-01,1.263024508953094482e-01,-2.458832561969757080e-01,2.588577568531036377e-01,3.533783555030822754e-02,3.279691934585571289e-01,1.998932361602783203e-01,1.040205359458923340e-01,1.771535575389862061e-01,1.846831408329308033e-03,1.463489048182964325e-02,4.404757916927337646e-02,-2.192755937576293945e-01,-3.362278267741203308e-02,1.967486366629600525e-02,5.294738709926605225e-02,-3.233890607953071594e-02,3.746672272682189941e-01,1.316100209951400757e-01,1.089018285274505615e-01,-7.003154139965772629e-03
4.023669362068176270e-01,2.247619479894638062e-01,4.127005040645599365e-01,4.923357665538787842e-01,7.197256088256835938e-01,1.040796339511871338e-01,6.042618751525878906e-01,4.645376801490783691e-01,1.000000000000000000e+00,3.087567389011383057e-01,3.767971694469451904e-01,3.295364081859588623e-01,4.644649028778076172e-01,2.781781554222106934e-01,5.624009370803833008e-01,3.887057602405548096e-01,1.187838390469551086e-01,-5.635533854365348816e-02,4.390520751476287842e-01,4.458327889442443848e-01,3.558472171425819397e-02,-5.474172905087471008e-02,1.166326180100440979e-01,2.013693451881408691e-01,4.815859347581863403e-02,-1.368181407451629639e-01,4.163113236427307129e-01,2.787193059921264648e-01,1.971032470464706421e-01,2.254680544137954712e-01,2.494059205055236816e-01,-1.029552668333053589e-01,3.396411836147308350e-01,4.372548758983612061e-01,-7.824829965829849243e-02,-8.587110787630081177e-02,-7.876018644310534000e-04,-2.970229387283325195e-01,6.204904988408088684e-03,-4.885414615273475647e-02,4.762610420584678650e-02,7.308265566825866699e-02,-3.073891066014766693e-02,-5.058541893959045410e-03,8.923576027154922485e-02,-1.011174917221069336e-01,1.368866711854934692e-01,1.942013800144195557e-01,2.015416473150253296e-01,6.838546693325042725e-02,-8.981323242187500000e-02,2.270778454840183258e-02,3.999795392155647278e-02,1.665124446153640747e-01,3.936713933944702148e-02,9.356047213077545166e-02,6.603699177503585815e-02,8.465319126844406128e-02,1.148366034030914307e-01,3.330849707126617432e-01,2.363971769809722900e-01,4.539801180362701416e-01,1.714875847101211548e-01,1.514475345611572266e-01,1.778845191001892090e-01,1.152380183339118958e-01,-4.454711079597473145e-02,-2.623759955167770386e-02,1.869233250617980957e-01,1.065773665904998779e-01,2.350543625652790070e-02,9.624010324478149414e-02,-7.510241866111755371e-02,-1.173894293606281281e-02,-1.612824648618698120e-01,8.588835597038269043e-03,1.299420595169067383e-01,8.665633201599121094e-02,1.630091220140457153e-01,4.564269329421222210e-04,1.889109760522842407e-01,8.339086174964904785e-02,1.192060932517051697e-01,9.189575910568237305e-02,1.001935228705406189e-01,1.279661208391189575e-01,2.301209419965744019e-01,2.898030681535601616e-03,2.182581871747970581e-01,2.091719359159469604e-01,3.384756147861480713e-01,3.939228653907775879e-01,4.043608307838439941e-01,2.678856849670410156e-01,1.659352630376815796e-01,-8.781563490629196167e-02,1.947795301675796509e-01,-1.335913408547639847e-02,3.015694320201873779e-01,3.301356434822082520e-01,2.194281965494155884e-01,3.442228958010673523e-02,1.382195949554443359e-01,2.688965499401092529e-01,-1.615406014025211334e-03,1.096594929695129395e-01,6.282353401184082031e-02,1.304185837507247925e-01,1.635761260986328125e-01,1.904149502515792847e-01,-1.264502853155136108e-01,6.842725723981857300e-02,3.126556277275085449e-01,1.955899745225906372e-01,1.512663364410400391e-01,1.018582433462142944e-01
4.002240896224975586e-01,-1.249530464410781860e-01,2.111262828111648560e-01,5.421128869056701660e-01,3.090242743492126465e-01,4.080577790737152100e-01,3.142472803592681885e-01,6.360364556312561035e-01,3.087567389011383057e-01,1.000000000000000000e+00,3.068318963050842285e-01,1.860908567905426025e-01,2.284364998340606689e-01,4.324454963207244873e-01,3.705461919307708740e-01,2.705322504043579102e-01,-1.302498206496238708e-02,-2.350341975688934326e-01,2.588764131069183350e-01,1.795777529478073120e-01,1.460530012845993042e-01,2.380399256944656372e-01,3.516125977039337158e-01,5.834671854972839355e-01,-8.621140569448471069e-02,5.774167366325855255e-03,6.168124452233314514e-02,9.022210142575204372e-04,-9.210202097892761230e-02,-1.170148849487304688e-01,2.032122761011123657e-01,1.924280673265457153e-01,2.505896687507629395e-01,1.792873889207839966e-01,8.383725583553314209e-02,1.806835532188415527e-01,-4.234612360596656799e-02,-3.324531018733978271e-01,1.516256481409072876e-01,-1.050805393606424332e-02,-6.936919689178466797e-02,1.039987206459045410e-01,2.195813804864883423e-01,1.248508170247077942e-01,8.371852338314056396e-02,-6.843721866607666016e-02,2.630584537982940674e-01,2.347277104854583740e-01,3.605045080184936523e-01,3.343663513660430908e-01,2.100790739059448242e-01,2.766482532024383545e-01,3.416436612606048584e-01,2.011237293481826782e-01,2.036768645048141479e-01,1.259949058294296265e-01,-1.678531318902969360e-01,-1.327566057443618774e-01,2.740823030471801758e-01,4.311791956424713135e-01,2.383742928504943848e-01,4.164393246173858643e-01,8.153153955936431885e-02,4.790379479527473450e-02,1.308908909559249878e-01,1.959263682365417480e-01,1.180694848299026489e-01,7.660820335149765015e-02,3.810445070266723633e-01,1.161934807896614075e-01,-1.114154085516929626e-01,-2.083708196878433228e-01,-1.435039639472961426e-01,-1.184752807021141052e-01,-8.361854404211044312e-02,-1.316073983907699585e-01,-7.327491790056228638e-02,-1.039859429001808167e-01,9.655182063579559326e-02,-3.522880747914314270e-02,1.650434583425521851e-01,-5.363995581865310669e-02,7.507748156785964966e-02,-1.764084100723266602e-01,3.407927453517913818e-01,4.370009601116180420e-01,5.174886807799339294e-02,-2.745833396911621094e-01,3.016991615295410156e-01,4.256715252995491028e-02,3.363350033760070801e-01,2.298185676336288452e-01,3.903934061527252197e-01,1.799998730421066284e-01,-2.637554705142974854e-02,-1.240197271108627319e-01,1.878592967987060547e-01,-7.607345283031463623e-02,2.197993844747543335e-01,7.699426263570785522e-02,1.787995696067810059e-01,1.510319113731384277e-01,6.146622076630592346e-02,6.721968948841094971e-02,-2.554963342845439911e-02,6.466603372246026993e-04,-1.902977377176284790e-02,-1.544839888811111450e-01,-4.781620576977729797e-03,6.455583125352859497e-02,1.566047519445419312e-01,-1.035696268081665039e-02,1.350860893726348877e-01,1.309995353221893311e-01,1.074080765247344971e-01,3.433479927480220795e-03
5.497508049011230469e-01,8.062005043029785156e-02,2.136454731225967407e-01,3.478313684463500977e-01,4.805915355682373047e-01,1.356481481343507767e-02,5.696511268615722656e-01,4.872867465019226074e-01,3.767971694469451904e-01,3.068318963050842285e-01,1.000000000000000000e+00,4.568459689617156982e-01,7.281654477119445801e-01,5.884816646575927734e-01,5.383362770080566406e-01,4.331220686435699463e-01,1.266362220048904419e-01,-1.026427894830703735e-01,4.824329018592834473e-01,4.265457987785339355e-01,6.128062307834625244e-02,1.002468317747116089e-01,-4.431983828544616699e-02,1.215921640396118164e-01,-1.614554375410079956e-01,-1.815855801105499268e-01,2.779752016067504883e-01,-4.019919782876968384e-02,2.167228311300277710e-01,2.051466554403305054e-01,1.880794912576675415e-01,1.592737995088100433e-02,3.498131036758422852e-01,4.023715555667877197e-01,-1.159500107169151306e-01,5.930855497717857361e-02,-2.946391999721527100e-01,-3.915753066539764404e-01,3.024937212467193604e-02,-1.616921871900558472e-01,-1.009583175182342529e-01,-3.143933042883872986e-02,1.156696900725364685e-01,2.360850721597671509e-01,5.711857229471206665e-02,-5.253275483846664429e-02,3.211286962032318115e-01,1.827412545680999756e-01,-2.265388518571853638e-02,2.548306807875633240e-02,-1.732672601938247681e-01,-1.063301190733909607e-01,-7.562468945980072021e-02,-9.069906547665596008e-03,9.647822380065917969e-02,3.724989295005798340e-02,-2.624328434467315674e-02,-5.624011904001235962e-02,1.033420637249946594e-01,2.623509466648101807e-01,3.068993985652923584e-01,4.227116703987121582e-01,3.194702267646789551e-01,3.222699165344238281e-01,-7.400829810649156570e-03,-1.154155097901821136e-02,2.868594415485858917e-02,-1.490944437682628632e-02,1.847510337829589844e-01,1.036099568009376526e-01,1.397838592529296875e-01,1.206446439027786255e-01,-1.063542515039443970e-01,4.875462502241134644e-03,-6.414833664894104004e-02,6.176179647445678711e-02,1.725553423166275024e-01,1.044485867023468018e-01,-9.380981209687888622e-04,-5.751057714223861694e-02,2.763094007968902588e-01,3.733390197157859802e-02,2.869330644607543945e-01,-9.480483829975128174e-03,2.576253116130828857e-01,7.063892483711242676e-02,2.423108667135238647e-01,-1.121576428413391113e-01,1.664787530899047852e-01,2.100003510713577271e-02,1.173944845795631409e-01,1.851190030574798584e-01,2.018562406301498413e-01,1.985247433185577393e-01,-8.027033507823944092e-02,-2.088530659675598145e-01,1.253501325845718384e-01,-1.631523519754409790e-01,2.165856957435607910e-01,1.711811870336532593e-01,1.032692193984985352e-01,1.669027805328369141e-01,1.246439665555953979e-02,1.624414175748825073e-01,-1.375438272953033447e-01,1.077425666153430939e-02,-7.843094319105148315e-02,-1.206628903746604919e-01,-7.692574709653854370e-02,4.450048878788948059e-02,5.790289118885993958e-02,8.346430212259292603e-02,3.332845568656921387e-01,1.238882392644882202e-01,1.117594614624977112e-01,-4.350123181939125061e-02
4.635691940784454346e-01,5.107224583625793457e-01,-1.018496453762054443e-01,2.996118664741516113e-01,2.765610814094543457e-01,-6.710379570722579956e-02,2.464796155691146851e-01,3.617847859859466553e-01,3.295364081859588623e-01,1.860908567905426025e-01,4.568459689617156982e-01,1.000000000000000000e+00,5.079664587974548340e-01,4.645509421825408936e-01,2.761720716953277588e-01,4.089577198028564453e-01,3.927058279514312744e-01,2.955555915832519531e-01,4.359434843063354492e-01,6.579170823097229004e-01,2.715697288513183594e-01,2.005771249532699585e-01,-3.686829507350921631e-01,-1.182918027043342590e-01,-3.693071603775024414e-01,-2.169861793518066406e-01,2.398265451192855835e-01,-8.360139280557632446e-02,4.973760247230529785e-01,5.561557412147521973e-01,1.886161230504512787e-02,5.486137047410011292e-02,1.557120382785797119e-01,3.462801873683929443e-01,-4.003187417984008789e-01,-9.847220033407211304e-02,-1.238888427615165710e-01,-2.373139560222625732e-01,1.046608090400695801e-01,9.269338846206665039e-02,1.848744004964828491e-01,2.046778947114944458e-01,3.745025396347045898e-02,2.733134925365447998e-01,4.250147938728332520e-02,7.943886518478393555e-02,3.714432120323181152e-01,3.094061315059661865e-01,2.766834571957588196e-02,9.959326125681400299e-03,-1.941510736942291260e-01,-8.655920624732971191e-02,8.359279483556747437e-03,-1.423230394721031189e-02,3.682478368282318115e-01,2.796431779861450195e-01,2.505805492401123047e-01,3.788116276264190674e-01,7.177417725324630737e-02,3.464976847171783447e-01,7.778872549533843994e-02,2.717701196670532227e-01,3.056491911411285400e-01,6.922322511672973633e-01,-3.660658001899719238e-01,-2.003621608018875122e-01,-3.887636661529541016e-01,-9.381284564733505249e-02,8.653552830219268799e-02,2.384146004915237427e-01,1.091209203004837036e-01,2.371876984834671021e-01,7.917621731758117676e-02,4.119647443294525146e-01,-4.822769761085510254e-02,2.505666911602020264e-01,1.464924961328506470e-01,2.525621950626373291e-01,1.976467110216617584e-02,-9.901514649391174316e-02,3.823655545711517334e-01,1.890476495027542114e-01,3.606192767620086670e-01,2.646615207195281982e-01,-2.605625391006469727e-01,-7.621093839406967163e-02,2.842799127101898193e-01,1.585250161588191986e-02,6.209023669362068176e-02,-2.772570028901100159e-02,1.023874953389167786e-01,7.610934972763061523e-02,8.928981423377990723e-02,4.365111514925956726e-02,-1.189775764942169189e-01,-1.407954096794128418e-01,1.316401958465576172e-01,-6.340849399566650391e-02,4.923272132873535156e-01,3.872141540050506592e-01,1.320634875446557999e-02,4.698977991938591003e-02,9.501397609710693359e-02,2.960350215435028076e-01,-1.919694617390632629e-02,-4.687630385160446167e-02,3.000079654157161713e-02,1.654733903706073761e-02,-7.368406653404235840e-02,-1.729971766471862793e-01,-1.470819115638732910e-01,2.312013506889343262e-01,3.487192690372467041e-01,3.136242553591728210e-02,-7.444141805171966553e-02,6.184400245547294617e-02
4.292718172073364258e-01,1.341500729322433472e-01,1.512369513511657715e-01,2.313007265329360962e-01,4.662813842296600342e-01,-6.897972524166107178e-02,5.490360260009765625e-01,4.217778444290161133e-01,4.644649028778076172e-01,2.284364998340606689e-01,7.281654477119445801e-01,5.079664587974548340e-01,1.000000000000000000e+00,5.518659353256225586e-01,6.153818964958190918e-01,4.017681479454040527e-01,1.482873558998107910e-01,1.152876019477844238e-02,3.359698057174682617e-01,3.965599834918975830e-01,2.257150411605834961e-01,1.842201650142669678e-01,-9.023261815309524536e-02,-3.663295879960060120e-02,-1.433365494012832642e-01,-1.962729394435882568e-01,2.344159334897994995e-01,-4.495417699217796326e-02,3.473985195159912109e-01,3.329390287399291992e-01,1.307205110788345337e-01,2.946063317358493805e-02,2.703194022178649902e-01,3.388222455978393555e-01,-2.360135614871978760e-01,-1.361812949180603027e-01,-1.109947115182876587e-01,-2.020917385816574097e-01,2.510908804833889008e-02,-3.781419619917869568e-02,6.089643388986587524e-02,1.648925691843032837e-01,4.651433601975440979e-02,2.017325013875961304e-01,-4.384576529264450073e-02,-5.818395316600799561e-02,2.632800638675689697e-01,1.659826636314392090e-01,-3.624442964792251587e-02,-1.292078010737895966e-02,-2.218143045902252197e-01,-1.560838520526885986e-01,-2.205240428447723389e-01,-9.917774796485900879e-02,-3.262568498030304909e-03,5.046031996607780457e-02,-7.556840032339096069e-02,2.505195140838623047e-02,4.130230098962783813e-02,2.174095362424850464e-01,2.861541509628295898e-01,3.145346939563751221e-01,2.839457094669342041e-01,2.704529464244842529e-01,-5.083546414971351624e-02,-9.209735691547393799e-02,-1.719964742660522461e-01,-9.845304489135742188e-02,9.341802448034286499e-02,1.934862136840820312e-01,1.140729263424873352e-01,1.315131932497024536e-01,-4.394272714853286743e-02,2.541546337306499481e-02,-1.490324437618255615e-01,-4.009135067462921143e-02,2.427172958850860596e-01,1.172042861580848694e-01,1.010265126824378967e-01,-1.762607321143150330e-02,2.533792853355407715e-01,9.428325295448303223e-02,2.722955048084259033e-01,1.380563974380493164e-01,6.006978079676628113e-02,4.520079493522644043e-02,1.629369556903839111e-01,4.360348731279373169e-02,1.530780643224716187e-01,1.013903468847274780e-01,-3.272876143455505371e-02,1.855470836162567139e-01,1.663013696670532227e-01,1.745245307683944702e-01,4.424142464995384216e-02,-1.026220470666885376e-01,1.064789891242980957e-01,-1.500446051359176636e-01,1.094807833433151245e-01,2.012890726327896118e-01,-2.688494510948657990e-02,1.255157031118869781e-02,1.599058136343955994e-02,2.382536828517913818e-01,-7.494147121906280518e-02,1.079689562320709229e-01,-1.829649321734905243e-02,6.376463919878005981e-02,4.850480705499649048e-02,7.023981958627700806e-02,-1.010922342538833618e-01,8.254304528236389160e-02,2.562087774276733398e-01,1.351292878389358521e-01,1.355210393667221069e-01,1.156386435031890869e-01
