1.000000000000000000e+00,5.757458209991455078e-01,4.563432931900024414e-01,3.561810255050659180e-01,1.188142821192741394e-01,4.350377917289733887e-01,3.788478672504425049e-01,3.380862772464752197e-01,3.128398656845092773e-01,1.646625697612762451e-01,4.416742026805877686e-01,4.668311178684234619e-01,2.635409235954284668e-01,7.757754623889923096e-02,1.825475394725799561e-01,4.011060297489166260e-02,4.120828509330749512e-01,3.365291059017181396e-01,5.949523448944091797e-01,5.157431960105895996e-01,4.581351531669497490e-04,9.410944581031799316e-02,3.768547177314758301e-01,2.926895022392272949e-01,2.308916598558425903e-01,2.252713739871978760e-01,6.863491237163543701e-02,1.399857252836227417e-01,3.719027042388916016e-01,1.730466485023498535e-01,2.884706556797027588e-01,2.358270436525344849e-01,4.903559982776641846e-01,4.758755564689636230e-01,2.238337844610214233e-01,2.021812498569488525e-01,1.173678264021873474e-01,-3.761079609394073486e-01,7.812299579381942749e-02,-1.209964044392108917e-02,1.669511348009109497e-01,1.722526848316192627e-01,7.672234438359737396e-03,5.238351598381996155e-02,8.138505369424819946e-02,2.030764520168304443e-01,8.397262543439865112e-03,-2.323376387357711792e-02,1.229081582278013229e-02,3.309335187077522278e-02,5.989484488964080811e-02,4.029291495680809021e-02,1.050757020711898804e-01,7.538517564535140991e-02,4.284098371863365173e-02,5.998736619949340820e-02,6.184007525444030762e-01,4.700413942337036133e-01,2.961501181125640869e-01,1.053982451558113098e-01,4.328024685382843018e-01,2.836477458477020264e-01,5.157171487808227539e-01,4.352386295795440674e-01,2.122083157300949097e-01,3.172765970230102539e-01,3.137479126453399658e-01,2.228153347969055176e-01,3.657639026641845703e-01,1.991824954748153687e-01,-9.707520157098770142e-02,-2.189373970031738281e-02,1.933504492044448853e-01,2.123718559741973877e-01,-8.158949762582778931e-02,1.246238425374031067e-01,-1.510001122951507568e-01,-1.415854692459106445e-01,3.324651420116424561e-01,3.038804829120635986e-01,4.275737404823303223e-01,3.693528771400451660e-01,2.891243668273091316e-03,2.403409630060195923e-01,3.413428962230682373e-01,3.133480548858642578e-01,-1.810335814952850342e-01,3.190313577651977539e-01,2.558708786964416504e-01,1.610551029443740845e-01,2.331960797309875488e-01,2.183599472045898438e-01,2.582045793533325195e-01,7.765808701515197754e-02,-1.236907467246055603e-01,1.400261968374252319e-01,-3.029942139983177185e-02,1.708469688892364502e-01,1.416074782609939575e-01,-6.396591197699308395e-03,1.403832137584686279e-01,7.059999555349349976e-02,1.937338262796401978e-01,1.245485618710517883e-01,1.597911119461059570e-02,2.042246907949447632e-01,1.961282342672348022e-01,-5.658919364213943481e-02,-2.023675665259361267e-02,-2.799538969993591309e-01,-1.307901889085769653e-01,1.380362659692764282e-01,1.772658340632915497e-02,3.001216612756252289e-02,-8.916661888360977173e-02,-1.064573531039059162e-03
5.757458209991455078e-01,1.000000000000000000e+00,4.290639758110046387e-01,2.812197506427764893e-01,-1.631647050380706787e-01,3.124889731407165527e-01,2.215602993965148926e-01,3.541894257068634033e-01,1.054040491580963135e-01,2.649435698986053467e-01,3.983965516090393066e-01,3.840319514274597168e-01,3.628570139408111572e-01,2.240729629993438721e-01,1.209411844611167908e-01,9.454432129859924316e-02,5.016780495643615723e-01,5.658559799194335938e-01,5.727176070213317871e-01,6.314334273338317871e-01,6.770781707018613815e-03,7.766910642385482788e-02,4.611055850982666016e-01,4.517296254634857178e-01,1.655494272708892822e-01,2.671462893486022949e-01,-7.670103758573532104e-02,-2.814865671098232269e-02,4.230259358882904053e-01,2.807108461856842041e-01,4.471213817596435547e-01,3.851892352104187012e-01,5.873602628707885742e-01,5.869281888008117676e-01,3.278597891330718994e-01,2.784438431262969971e-01,6.912571191787719727e-02,-3.625985980033874512e-01,-7.813129574060440063e-02,1.016217377036809921e-02,1.076146513223648071e-01,1.288579553365707397e-01,1.465630680322647095e-01,2.958362102508544922e-01,1.998366564512252808e-01,4.323129951953887939e-01,2.670322060585021973e-01,1.678873598575592041e-01,1.719158440828323364e-01,9.744993411004543304e-03,-8.192786481231451035e-04,-1.424685120582580566e-01,1.829896122217178345e-01,3.193073347210884094e-02,9.144051373004913330e-02,1.014179550111293793e-02,6.670680046081542969e-01,6.174282431602478027e-01,1.538823992013931274e-01,-4.030679911375045776e-02,2.946278452873229980e-01,2.516801655292510986e-01,4.185987710952758789e-01,3.169091045856475830e-01,2.151161581277847290e-01,4.399506747722625732e-01,3.503178060054779053e-01,3.051218986511230469e-01,5.992874503135681152e-01,5.527433156967163086e-01,-6.728017330169677734e-02,3.119296580553054810e-02,2.873054742813110352e-01,3.228556215763092041e-01,-3.937305137515068054e-02,2.705664634704589844e-01,-2.758299410343170166e-01,-1.696932762861251831e-01,4.841614365577697754e-01,5.067636370658874512e-01,4.208315908908843994e-01,4.053255915641784668e-01,-1.296775229275226593e-02,2.337115257978439331e-01,2.981516122817993164e-01,1.255069971084594727e-01,-1.004688292741775513e-01,2.401811331510543823e-01,3.186234235763549805e-01,7.599460333585739136e-02,1.083320826292037964e-01,1.477453764528036118e-02,1.127771958708763123e-01,-1.787374764680862427e-01,-1.772307604551315308e-01,-3.782253712415695190e-02,-3.210679069161415100e-02,8.837661892175674438e-02,2.971799373626708984e-01,4.287945851683616638e-02,7.029653340578079224e-02,1.418942958116531372e-02,1.550614684820175171e-01,-6.028185039758682251e-02,-2.102603316307067871e-01,-2.443641051650047302e-02,5.070739239454269409e-02,-1.302408128976821899e-01,-3.410838916897773743e-02,-2.509089112281799316e-01,-1.183505952358245850e-01,3.127119271084666252e-03,-5.203445628285408020e-02,-1.108503527939319611e-02,7.606963627040386200e-03,1.511444747447967529e-01
4.563432931900024414e-01,4.290639758110046387e-01,1.000000000000000000e+00,5.662415027618408203e-01,1.531434059143066406e-01,3.104725778102874756e-01,7.157925367355346680e-01,5.379697084426879883e-01,3.285672068595886230e-01,2.418007701635360718e-01,4.233010709285736084e-01,3.892599642276763916e-01,4.976388216018676758e-01,5.400309339165687561e-02,4.712639749050140381e-01,1.726603358983993530e-01,1.839765906333923340e-01,1.929381936788558960e-01,3.244069814682006836e-01,2.607159614562988281e-01,7.997262477874755859e-02,1.041213497519493103e-01,6.607580780982971191e-01,5.595868825912475586e-01,2.061008960008621216e-01,2.604132890701293945e-01,8.357304334640502930e-02,1.469964087009429932e-01,1.410843282938003540e-01,6.520607322454452515e-02,2.191882729530334473e-01,1.963590085506439209e-01,2.602857649326324463e-01,2.319339960813522339e-01,1.718661487102508545e-01,1.112124621868133545e-01,1.737509667873382568e-01,-2.326717674732208252e-01,2.210717350244522095e-01,1.193026304244995117e-01,1.357636302709579468e-01,-2.390676364302635193e-02,1.065506637096405029e-01,1.437715888023376465e-01,9.880781173706054688e-02,2.343181371688842773e-01,5.376156046986579895e-02,6.538014858961105347e-02,5.582962185144424438e-02,1.246199905872344971e-01,1.739918589591979980e-01,1.169966012239456177e-01,7.061497867107391357e-02,4.700248688459396362e-02,8.294168114662170410e-02,3.062679804861545563e-02,2.722170650959014893e-01,2.579668164253234863e-01,4.794491827487945557e-01,1.456471085548400879e-01,4.439800977706909180e-01,1.515865623950958252e-01,2.566515505313873291e-01,1.859325021505355835e-01,4.211576581001281738e-01,3.403694033622741699e-01,3.276836872100830078e-01,2.401322424411773682e-01,1.535880416631698608e-01,6.087089329957962036e-02,-2.306217886507511139e-02,1.710798032581806183e-02,1.008807122707366943e-01,1.368301808834075928e-01,2.412713132798671722e-02,1.888718456029891968e-01,-1.958796977996826172e-01,-3.007853627204895020e-01,1.638052463531494141e-01,9.278050810098648071e-02,9.493805468082427979e-02,9.031883627176284790e-02,1.963284164667129517e-01,6.532773375511169434e-02,2.607669532299041748e-01,2.090084552764892578e-01,1.004086583852767944e-01,3.431438803672790527e-01,3.026519119739532471e-01,2.246197611093521118e-01,2.593487501144409180e-01,2.940277457237243652e-01,2.957305312156677246e-01,1.537307351827621460e-01,6.711533665657043457e-02,7.699044048786163330e-02,9.092901647090911865e-02,1.182713434100151062e-01,1.601295173168182373e-01,-1.085893958806991577e-01,2.254392653703689575e-01,-1.348910201340913773e-02,3.798804283142089844e-01,6.068106368184089661e-02,3.402265012264251709e-01,2.954601049423217773e-01,3.789708018302917480e-01,-1.384308487176895142e-01,8.975117653608322144e-02,-1.020958125591278076e-01,1.267337240278720856e-02,1.151334121823310852e-01,1.647017002105712891e-01,9.783800691366195679e-02,-2.068737056106328964e-03,1.097640208899974823e-02
3.561810255050659180e-01,2.812197506427764893e-01,5.662415027618408203e-01,1.000000000000000000e+00,1.106317415833473206e-01,3.114120066165924072e-01,4.980621933937072754e-01,6.526481509208679199e-01,2.706564664840698242e-01,3.141448795795440674e-01,1.509770601987838745e-01,4.238692820072174072e-01,2.449071854352951050e-01,3.086500167846679688e-01,2.341394871473312378e-01,2.744654119014739990e-01,9.893225133419036865e-02,6.056577339768409729e-02,9.423830360174179077e-02,1.172681376338005066e-01,-6.254719942808151245e-02,-2.164358086884021759e-02,5.479593276977539062e-01,5.123478770256042480e-01,2.931376397609710693e-01,3.043863773345947266e-01,1.293003559112548828e-01,3.194575756788253784e-02,-4.328405484557151794e-02,-1.201749965548515320e-02,-2.200542576611042023e-02,-1.701139286160469055e-02,1.210905537009239197e-01,8.938276767730712891e-02,2.133361548185348511e-01,4.290544614195823669e-02,1.690043061971664429e-01,-7.455167174339294434e-02,1.133411228656768799e-01,-3.628562903031706810e-03,1.077023819088935852e-01,1.614930927753448486e-01,-5.358167737722396851e-02,-7.653265446424484253e-02,1.233865097165107727e-01,2.986652255058288574e-01,-1.398311257362365723e-01,-9.256741404533386230e-02,7.555140554904937744e-02,1.355587691068649292e-01,3.005138635635375977e-01,1.860930770635604858e-01,3.401547968387603760e-01,3.571261167526245117e-01,6.139903515577316284e-02,2.387474477291107178e-01,2.779757082462310791e-01,2.879220843315124512e-01,3.851499855518341064e-01,2.789982557296752930e-01,2.846895158290863037e-01,2.583559751510620117e-01,3.109518289566040039e-01,3.310042619705200195e-01,3.611777424812316895e-01,2.051649093627929688e-01,3.580376803874969482e-01,4.033884406089782715e-01,2.127892673015594482e-01,7.986742071807384491e-03,-2.126232236623764038e-01,-1.824637353420257568e-01,-1.864952892065048218e-01,-1.975361555814743042e-01,-7.825979590415954590e-02,-2.435972727835178375e-02,-2.085556536912918091e-01,-1.445166170597076416e-01,6.274025142192840576e-02,-4.659453406929969788e-02,3.621407970786094666e-02,1.929299533367156982e-01,1.664449274539947510e-01,1.002490445971488953e-01,2.840021252632141113e-01,5.267385244369506836e-01,8.571499586105346680e-02,3.784613311290740967e-01,4.268941879272460938e-01,4.257083833217620850e-01,4.174636900424957275e-01,4.217407405376434326e-01,5.352350473403930664e-01,2.405619174242019653e-01,2.147792838513851166e-02,8.741708844900131226e-02,6.694668531417846680e-02,1.547577977180480957e-01,1.539184004068374634e-01,3.801827877759933472e-02,3.865399360656738281e-01,-1.295192092657089233e-01,3.009540736675262451e-01,1.705632954835891724e-01,1.515340059995651245e-01,2.171322852373123169e-01,4.073816835880279541e-01,-2.305944561958312988e-01,1.477342098951339722e-01,1.075430363416671753e-01,-7.007455080747604370e-02,1.519380509853363037e-01,7.528981566429138184e-02,-2.448205091059207916e-02,-5.792887136340141296e-02,-1.082488894462585449e-01
1.188142821192741394e-01,-1.631647050380706787e-01,1.531434059143066406e-01,1.106317415833473206e-01,1.000000000000000000e+00,9.053010493516921997e-02,3.265847563743591309e-01,-3.946283366531133652e-03,6.293188333511352539e-01,8.827784657478332520e-02,2.009963393211364746e-01,8.352180011570453644e-04,2.278122752904891968e-01,-1.793719232082366943e-01,3.903957307338714600e-01,4.763920232653617859e-02,9.621263481676578522e-03,1.037040539085865021e-02,4.214994236826896667e-02,-3.638735786080360413e-02,-1.075938642024993896e-01,1.496995240449905396e-01,-8.122915774583816528e-02,-1.723865419626235962e-01,4.389008879661560059e-01,-3.788237273693084717e-02,6.513688564300537109e-01,3.321315348148345947e-01,7.905134558677673340e-02,-3.021367453038692474e-02,-2.913535758852958679e-02,-9.104377031326293945e-02,-6.360072642564773560e-02,-9.984518587589263916e-02,-1.963431984186172485e-01,-1.469417065382003784e-01,-6.444901227951049805e-02,7.161612063646316528e-02,1.869960129261016846e-01,2.520132958889007568e-01,7.197397202253341675e-02,8.906588703393936157e-02,1.251037139445543289e-02,-1.632610112428665161e-01,-8.286715019494295120e-04,-7.594583928585052490e-02,-4.633601009845733643e-02,-8.727722615003585815e-02,5.287643289193511009e-04,1.795182973146438599e-01,1.802221536636352539e-01,1.280234307050704956e-01,5.598028749227523804e-02,1.075913477689027786e-02,5.963429808616638184e-02,7.746740430593490601e-02,-9.234876930713653564e-02,-9.535934031009674072e-02,2.590383887290954590e-01,2.884510457515716553e-01,1.819577664136886597e-01,1.402919888496398926e-01,1.169603690505027771e-01,7.254511117935180664e-02,3.845620900392532349e-02,6.436361372470855713e-02,5.814304947853088379e-02,-3.673046082258224487e-02,-1.041445042937994003e-02,-7.950567454099655151e-02,1.346130073070526123e-01,3.616956993937492371e-02,5.429789051413536072e-02,-8.735936135053634644e-02,2.087130844593048096e-01,-2.321950644254684448e-01,-7.881530560553073883e-03,1.052216626703739166e-02,5.996706336736679077e-02,-7.359185069799423218e-02,1.754827611148357391e-02,7.753562647849321365e-03,8.364333957433700562e-02,1.876287907361984253e-02,4.811794310808181763e-02,1.693131923675537109e-01,1.599646657705307007e-01,5.733482539653778076e-02,1.629636734724044800e-01,1.595443785190582275e-01,1.932576112449169159e-02,1.912410408258438110e-01,-1.674308627843856812e-02,2.344502061605453491e-01,1.629521697759628296e-01,1.927396357059478760e-01,6.117536872625350952e-02,3.469030931591987610e-02,-1.907937824726104736e-01,-9.741218388080596924e-02,-7.134833186864852905e-02,1.687385737895965576e-01,-6.885850429534912109e-02,-6.174583360552787781e-02,1.607736051082611084e-01,8.801346272230148315e-02,2.333844304084777832e-01,6.938927620649337769e-02,6.410221755504608154e-02,1.333720684051513672e-01,4.493787512183189392e-02,-8.941575884819030762e-02,-1.685868799686431885e-01,8.114624023437500000e-02,-2.055951356887817383e-01,-1.587315052747726440e-01
4.350377917289733887e-01,3.124889731407165527e-01,3.104725778102874756e-01,3.114120066165924072e-01,9.053010493516921997e-02,1.000000000000000000e+00,3.092217147350311279e-01,3.560737967491149902e-01,4.839202463626861572e-01,5.015121698379516602e-01,2.288247197866439819e-01,2.775301039218902588e-01,2.486503124237060547e-01,1.306752208620309830e-02,2.054811418056488037e-01,6.221357733011245728e-02,2.812795341014862061e-01,2.866815626621246338e-01,3.592896759510040283e-01,3.622150421142578125e-01,-1.607993096113204956e-01,1.816930472850799561e-01,3.311106562614440918e-01,3.702024817466735840e-01,3.068341016769409180e-01,5.018911361694335938e-01,1.351271942257881165e-02,2.592082023620605469e-01,2.018919289112091064e-01,2.780053615570068359e-01,6.259763240814208984e-02,2.156309038400650024e-01,3.015788495540618896e-01,2.742127478122711182e-01,3.021882772445678711e-01,1.636797487735748291e-01,6.571058928966522217e-02,-2.259515970945358276e-01,8.561880886554718018e-02,-8.744776993989944458e-02,5.878922063857316971e-03,-4.371032118797302246e-02,1.388377845287322998e-01,9.586804360151290894e-02,2.743534147739410400e-01,1.564870029687881470e-01,-2.756936289370059967e-02,-1.664406433701515198e-02,2.561096847057342529e-01,7.061244547367095947e-02,1.310859322547912598e-01,6.274332851171493530e-02,1.520401611924171448e-02,-5.070544034242630005e-02,-1.747523546218872070e-01,-4.098579287528991699e-02,3.217415511608123779e-01,2.407790422439575195e-01,3.996410965919494629e-01,8.037387579679489136e-02,2.687150537967681885e-01,8.027529716491699219e-02,2.780744433403015137e-01,1.461573392152786255e-01,2.607059776782989502e-01,1.360953003168106079e-01,3.306146860122680664e-01,2.607156038284301758e-01,2.878281772136688232e-01,1.127951070666313171e-01,-2.579295933246612549e-01,-2.688655853271484375e-01,-3.419619984924793243e-03,1.250062584877014160e-01,1.006829086691141129e-02,-1.210937947034835815e-01,-7.468904554843902588e-02,1.233705878257751465e-02,2.911131083965301514e-01,1.152370795607566833e-01,1.788411587476730347e-01,5.811610817909240723e-02,-2.442874163389205933e-01,-1.387822926044464111e-01,2.692248225212097168e-01,4.602944850921630859e-02,-1.013298034667968750e-01,8.853755146265029907e-02,3.238193988800048828e-01,1.547377705574035645e-01,2.506809830665588379e-01,1.022367402911186218e-01,1.986965388059616089e-01,1.114779561758041382e-01,4.813449457287788391e-02,1.133219748735427856e-01,4.630306363105773926e-02,1.168760135769844055e-01,6.384189426898956299e-02,-1.992816627025604248e-01,1.298636943101882935e-01,-1.042207423597574234e-02,2.403379976749420166e-01,2.271334081888198853e-01,5.300013348460197449e-02,1.796946674585342407e-01,1.734592467546463013e-01,-2.217025309801101685e-01,1.785002052783966064e-01,-1.408575195819139481e-02,-3.270281851291656494e-02,3.081669472157955170e-02,-5.716681852936744690e-02,-1.939037740230560303e-01,-2.320212125778198242e-01,-5.032353475689888000e-02
3.788478672504425049e-01,2.215602993965148926e-01,7.157925367355346680e-01,4.980621933937072754e-01,3.265847563743591309e-01,3.092217147350311279e-01,1.000000000000000000e+00,5.165263414382934570e-01,3.972803652286529541e-01,2.922151684761047363e-01,4.674086272716522217e-01,3.454586565494537354e-01,5.005066394805908203e-01,-3.670625761151313782e-02,3.414855301380157471e-01,8.878973126411437988e-02,8.171319216489791870e-02,3.799114609137177467e-03,2.107243388891220093e-01,1.301669180393218994e-01,-3.071520477533340454e-02,1.125128343701362610e-01,4.030806124210357666e-01,3.003670275211334229e-01,3.375894725322723389e-01,2.280063927173614502e-01,2.112685143947601318e-01,2.254311144351959229e-01,7.502572238445281982e-02,5.995094776153564453e-03,9.120770543813705444e-02,9.658228605985641479e-02,1.812727898359298706e-01,1.568605601787567139e-01,3.521919623017311096e-02,-8.540374226868152618e-03,-5.431458819657564163e-03,-1.793537735939025879e-01,7.710362225770950317e-02,1.639118492603302002e-01,-2.804983779788017273e-02,-1.220120191574096680e-01,7.180158793926239014e-02,3.332487493753433228e-02,1.132562980055809021e-01,1.702333390712738037e-01,-3.311531990766525269e-02,-3.343654796481132507e-02,-2.879506908357143402e-02,2.190664410591125488e-01,1.661000102758407593e-01,1.456803977489471436e-01,3.208019211888313293e-02,-7.627853751182556152e-02,2.660551667213439941e-02,-2.422859892249107361e-02,4.731353744864463806e-02,-1.516528986394405365e-02,4.784738421440124512e-01,2.938335239887237549e-01,4.564326703548431396e-01,2.744233012199401855e-01,1.014179289340972900e-01,1.134251952171325684e-01,3.408761620521545410e-01,2.902856767177581787e-01,3.278907537460327148e-01,2.484827041625976562e-01,4.518272727727890015e-02,-7.179301232099533081e-02,1.140345633029937744e-02,8.344795554876327515e-02,5.617718026041984558e-02,3.322580829262733459e-02,5.660632252693176270e-02,4.023407399654388428e-02,-1.146134212613105774e-01,-1.599734127521514893e-01,7.297796010971069336e-02,-7.214524596929550171e-02,3.260606154799461365e-02,5.272179096937179565e-02,1.011033579707145691e-01,3.976790234446525574e-02,1.531224548816680908e-01,2.311596423387527466e-01,9.405057132244110107e-02,2.820741832256317139e-01,2.738065719604492188e-01,2.770901620388031006e-01,2.593765556812286377e-01,3.810159862041473389e-01,3.502123355865478516e-01,2.498330324888229370e-01,7.049050182104110718e-02,1.247359514236450195e-01,1.487522125244140625e-01,1.757828444242477417e-01,4.536643251776695251e-02,-1.236081197857856750e-01,2.792892456054687500e-01,7.567381113767623901e-02,2.226765602827072144e-01,7.225692272186279297e-02,2.242808789014816284e-01,2.645659446716308594e-01,3.423284590244293213e-01,-1.588939130306243896e-02,1.655396074056625366e-02,-4.336793720722198486e-02,1.496993303298950195e-01,1.469582468271255493e-01,1.609667986631393433e-01,1.681364625692367554e-01,-3.851293399930000305e-02,2.580153942108154297e-02
3.380862772464752197e-01,3.541894257068634033e-01,5.379697084426879883e-01,6.526481509208679199e-01,-3.946283366531133652e-03,3.560737967491149902e-01,5.165263414382934570e-01,1.000000000000000000e+00,1.897171735763549805e-01,4.221532344818115234e-01,3.245372772216796875e-01,5.990405678749084473e-01,3.213633298873901367e-01,2.998459637165069580e-01,2.379854470491409302e-01,1.861491054296493530e-01,1.635851711034774780e-01,1.688536256551742554e-01,1.752935200929641724e-01,1.633830815553665161e-01,1.043646559119224548e-01,1.194833591580390930e-01,5.376476645469665527e-01,5.408244132995605469e-01,8.453181385993957520e-02,2.870920896530151367e-01,5.240024253726005554e-02,5.491010844707489014e-02,8.005981892347335815e-02,1.232943981885910034e-01,1.296419203281402588e-01,1.947121173143386841e-01,2.125375568866729736e-01,2.024809718132019043e-01,3.107093572616577148e-01,1.801805645227432251e-01,3.381496667861938477e-02,-2.270456552505493164e-01,7.907629013061523438e-02,-1.172748804092407227e-01,3.339214250445365906e-02,-4.223222285509109497e-02,1.506044268608093262e-01,1.696317791938781738e-01,2.115496397018432617e-01,3.703613281250000000e-01,2.784844301640987396e-02,1.541455835103988647e-01,9.224965423345565796e-02,1.868617832660675049e-01,1.892262101173400879e-01,7.896339893341064453e-02,2.331712543964385986e-01,2.056262791156768799e-01,6.415232084691524506e-03,3.634767234325408936e-02,2.765536904335021973e-01,2.854267358779907227e-01,4.197993278503417969e-01,2.866960763931274414e-01,4.597639739513397217e-01,4.289867579936981201e-01,2.398366481065750122e-01,2.592342197895050049e-01,3.407363593578338623e-01,3.036669492721557617e-01,4.431799352169036865e-01,4.368323385715484619e-01,1.636878997087478638e-01,5.979954823851585388e-02,-1.267117261886596680e-01,-9.450378268957138062e-02,-1.093841046094894409e-01,2.115840464830398560e-02,-5.579006299376487732e-02,6.898304075002670288e-02,-1.591508537530899048e-01,-7.894834131002426147e-02,9.853761643171310425e-02,1.247546076774597168e-02,4.069631546735763550e-02,6.606746464967727661e-02,9.924561530351638794e-02,2.979133091866970062e-02,2.655928134918212891e-01,2.744717597961425781e-01,4.945267364382743835e-02,2.715829312801361084e-01,3.037776052951812744e-01,2.637764811515808105e-01,3.605814576148986816e-01,2.721997499465942383e-01,4.085821807384490967e-01,1.815914511680603027e-01,5.428536236286163330e-02,5.539179593324661255e-02,5.870533362030982971e-02,1.580321639776229858e-01,2.048171758651733398e-01,-1.109786704182624817e-01,3.405127227306365967e-01,-2.695128619670867920e-01,3.328768014907836914e-01,3.146908804774284363e-02,1.120362952351570129e-01,8.432061225175857544e-02,3.346413373947143555e-01,-1.170410737395286560e-01,1.064101755619049072e-01,1.568453386425971985e-02,2.255157940089702606e-02,4.784261807799339294e-02,6.684752553701400757e-02,-1.671317219734191895e-01,-2.050911933183670044e-01,-1.593391299247741699e-01
3.128398656845092773e-01,1.054040491580963135e-01,3.285672068595886230e-01,2.706564664840698242e-01,6.293188333511352539e-01,4.839202463626861572e-01,3.972803652286529541e-01,1.897171735763549805e-01,1.000000000000000000e+00,3.678516447544097900e-01,1.915202140808105469e-01,4.037228971719741821e-02,2.735204994678497314e-01,-1.520142853260040283e-01,4.113586544990539551e-01,4.705746844410896301e-02,5.806495249271392822e-02,1.005200147628784180e-01,2.129866629838943481e-01,1.719076633453369141e-01,-1.045430749654769897e-01,1.443898975849151611e-01,1.045535057783126831e-01,8.064827322959899902e-02,4.247080981731414795e-01,2.441459000110626221e-01,3.913287818431854248e-01,2.307635396718978882e-01,1.268510222434997559e-01,2.029412053525447845e-02,8.119772374629974365e-02,4.960651695728302002e-02,1.542857140302658081e-01,1.119317039847373962e-01,4.074595123529434204e-02,1.151181664317846298e-02,-1.828899793326854706e-02,-9.938747435808181763e-02,9.103277325630187988e-02,1.028913781046867371e-01,2.628951519727706909e-02,-2.955567557364702225e-03,5.153635144233703613e-02,-2.236371487379074097e-02,8.953716605901718140e-02,7.128979265689849854e-02,1.275743823498487473e-02,-6.733385473489761353e-02,7.990543544292449951e-02,1.543934494256973267e-01,1.661606580018997192e-01,1.020398959517478943e-01,7.289537042379379272e-02,9.898951277136802673e-03,-1.427238341420888901e-02,4.785337951034307480e-03,1.596484631299972534e-01,1.137551069259643555e-01,4.255212247371673584e-01,2.418229430913925171e-01,3.308501541614532471e-01,1.250096112489700317e-01,2.367137074470520020e-01,6.740224361419677734e-02,1.569007039070129395e-01,1.484238356351852417e-01,2.464259564876556396e-01,1.423165947198867798e-01,1.679475754499435425e-01,1.083459258079528809e-01,1.085606403648853302e-02,-1.312047690153121948e-01,4.260145872831344604e-02,-2.603435516357421875e-02,2.119779884815216064e-01,-6.095576658844947815e-02,-1.029463112354278564e-01,-9.733428806066513062e-02,1.131080538034439087e-01,-2.948893606662750244e-02,6.815890967845916748e-02,-4.708008095622062683e-02,-8.667308837175369263e-02,-9.370055794715881348e-02,1.308974474668502808e-01,8.099400997161865234e-02,7.146923989057540894e-02,7.217252254486083984e-02,2.416188865900039673e-01,1.623385697603225708e-01,9.498295187950134277e-02,1.297220587730407715e-01,6.828107684850692749e-02,2.070601433515548706e-01,1.318403929471969604e-01,1.696519181132316589e-02,5.565517395734786987e-02,-3.371964022517204285e-02,-5.158381536602973938e-02,-1.661299765110015869e-01,2.543007023632526398e-02,1.861217021942138672e-01,4.521694034337997437e-02,3.273073211312294006e-02,1.075580865144729614e-01,1.163685843348503113e-01,2.784109711647033691e-01,-1.115169972181320190e-01,1.117343306541442871e-01,-2.248118864372372627e-03,-5.696237087249755859e-02,-1.191171333193778992e-01,-2.330952286720275879e-01,-7.669575512409210205e-02,-2.245486825704574585e-01,-6.602296233177185059e-02
1.646625697612762451e-01,2.649435698986053467e-01,2.418007701635360718e-01,3.141448795795440674e-01,8.827784657478332520e-02,5.015121698379516602e-01,2.922151684761047363e-01,4.221532344818115234e-01,3.678516447544097900e-01,1.000000000000000000e+00,2.276651412248611450e-01,1.961607038974761963e-01,2.388058006763458252e-01,8.139130473136901855e-02,1.034605205059051514e-01,1.356295049190521240e-01,1.207493245601654053e-01,1.369291096925735474e-01,7.440443336963653564e-02,9.793315827846527100e-02,-6.723821163177490234e-02,3.528910875320434570e-02,1.941003501415252686e-01,2.947543561458587646e-01,2.640078067779541016e-01,1.679116636514663696e-01,6.128535792231559753e-02,1.479601413011550903e-01,4.620485380291938782e-02,4.878719896078109741e-02,-5.973274633288383484e-02,7.638561073690652847e-03,1.449618786573410034e-01,8.467295020818710327e-02,2.207573354244232178e-01,7.723591476678848267e-02,-4.714286699891090393e-02,-1.657704263925552368e-01,2.830795384943485260e-02,-1.486799679696559906e-02,-1.311844140291213989e-01,-1.048020794987678528e-01,1.940506696701049805e-01,1.871280223131179810e-01,1.763672083616256714e-01,1.764510273933410645e-01,1.316936910152435303e-01,1.425906419754028320e-01,3.900306299328804016e-02,2.773053348064422607e-01,4.097504913806915283e-01,2.269082069396972656e-01,3.003211915493011475e-01,1.006593704223632812e-01,9.145995229482650757e-02,9.666553139686584473e-02,2.265378534793853760e-01,2.869696021080017090e-01,4.961908757686614990e-01,5.105209350585937500e-01,3.466878533363342285e-01,3.771893680095672607e-01,1.287931203842163086e-01,3.272929787635803223e-02,-2.412953972816467285e-02,6.624670326709747314e-02,3.239611387252807617e-01,3.283303081989288330e-01,3.330679833889007568e-01,2.825611829757690430e-01,-1.617016047239303589e-01,-3.156437575817108154e-01,-1.494056880474090576e-01,-9.577973186969757080e-02,-4.180082306265830994e-02,-1.667125970125198364e-01,-1.567898541688919067e-01,-1.126638874411582947e-01,1.273091435432434082e-01,7.310412824153900146e-02,3.430565446615219116e-02,-2.207986311987042427e-03,-9.488213062286376953e-02,-2.487953752279281616e-02,1.161116287112236023e-01,1.459247767925262451e-01,-2.676634490489959717e-02,9.054150432348251343e-02,3.818168044090270996e-01,2.730966210365295410e-01,3.891675472259521484e-01,1.649910360574722290e-01,2.722724676132202148e-01,1.950217410922050476e-02,6.236750259995460510e-02,1.439304500818252563e-01,2.102348357439041138e-01,8.718147128820419312e-02,2.185603380203247070e-01,2.237915247678756714e-02,2.098256498575210571e-01,-4.027681425213813782e-02,3.080714941024780273e-01,7.672293484210968018e-02,-2.966394834220409393e-02,5.670012906193733215e-02,2.098219245672225952e-01,-2.136578708887100220e-01,1.883959323167800903e-01,5.295024067163467407e-02,1.442921161651611328e-02,9.477120637893676758e-02,-1.943678036332130432e-02,-1.007249057292938232e-01,-1.139865443110466003e-01,-7.521681487560272217e-02
4.416742026805877686e-01,3.983965516090393066e-01,4.233010709285736084e-01,1.509770601987838745e-01,2.009963393211364746e-01,2.288247197866439819e-01,4.674086272716522217e-01,3.245372772216796875e-01,1.915202140808105469e-01,2.276651412248611450e-01,1.000000000000000000e+00,5.409501791000366211e-01,7.344766259193420410e-01,1.681380569934844971e-01,2.350723445415496826e-01,1.050802096724510193e-01,5.661624073982238770e-01,4.274618923664093018e-01,3.845717608928680420e-01,3.658951818943023682e-01,-1.727990061044692993e-02,1.604398488998413086e-01,2.927820682525634766e-01,1.634400635957717896e-01,2.443276345729827881e-01,2.282293736934661865e-01,1.677340567111968994e-01,2.846577763557434082e-01,5.040913820266723633e-01,3.750587701797485352e-01,3.006555438041687012e-01,2.991445362567901611e-01,4.518492221832275391e-01,3.591042757034301758e-01,1.395561695098876953e-01,1.017764881253242493e-01,1.553552746772766113e-01,-3.268758952617645264e-01,1.099749505519866943e-01,1.211068704724311829e-01,9.357348829507827759e-02,2.350921556353569031e-02,2.730269730091094971e-01,2.438740730285644531e-01,1.344501525163650513e-01,1.993491798639297485e-01,2.852155864238739014e-01,2.357832789421081543e-01,4.304762929677963257e-02,2.388231903314590454e-01,2.077966481447219849e-01,8.898629993200302124e-02,1.064790785312652588e-01,-9.433411061763763428e-02,1.005132570862770081e-01,4.935518279671669006e-02,2.107256799936294556e-01,3.170185387134552002e-01,3.452947437763214111e-01,2.867661714553833008e-01,5.746924281120300293e-01,4.034988582134246826e-01,4.536681473255157471e-01,4.003980755805969238e-01,2.183817178010940552e-01,2.658481299877166748e-01,2.605899274349212646e-01,1.576055288314819336e-01,2.308150678873062134e-01,2.420659214258193970e-01,9.445933997631072998e-02,1.455617249011993408e-01,3.112531602382659912e-01,2.896938920021057129e-01,1.674673855304718018e-01,5.871743895113468170e-03,-1.193925812840461731e-01,-1.736761033535003662e-01,4.749806821346282959e-01,3.703724145889282227e-01,4.814107418060302734e-01,4.060415923595428467e-01,6.721893697977066040e-02,2.226009070873260498e-01,3.581509590148925781e-01,2.526158988475799561e-01,-1.389206945896148682e-02,1.580978333950042725e-01,3.052720725536346436e-01,1.619745790958404541e-01,1.892866939306259155e-01,1.877522617578506470e-01,7.335926592350006104e-02,5.208865273743867874e-03,-1.399799585342407227e-01,1.235172897577285767e-01,6.103777512907981873e-02,1.271158158779144287e-01,1.208331882953643799e-01,-1.320205442607402802e-02,8.450929075479507446e-02,1.421203184872865677e-02,2.569771111011505127e-01,3.720622276887297630e-03,-3.346370533108711243e-03,2.380840778350830078e-01,1.292540132999420166e-01,-1.158355623483657837e-01,-4.134415835142135620e-02,-1.754115521907806396e-01,3.402235731482505798e-02,3.116524219512939453e-02,-8.727156557142734528e-03,6.898513436317443848e-02,5.575897544622421265e-02,3.492456302046775818e-02
4.668311178684234619e-01,3.840319514274597168e-01,3.892599642276763916e-01,4.238692820072174072e-01,8.352180011570453644e-04,2.775301039218902588e-01,3.454586565494537354e-01,5.990405678749084473e-01,4.037228971719741821e-02,1.961607038974761963e-01,5.409501791000366211e-01,1.000000000000000000e+00,4.104626178741455078e-01,4.985187351703643799e-01,1.590589880943298340e-01,2.339588850736618042e-01,4.963460564613342285e-01,4.193702936172485352e-01,4.436751902103424072e-01,4.630779922008514404e-01,3.036642819643020630e-02,1.627376079559326172e-01,4.694892466068267822e-01,3.179041147232055664e-01,1.069482862949371338e-01,3.179055154323577881e-01,7.962854206562042236e-02,1.198602244257926941e-01,4.438175261020660400e-01,4.666755497455596924e-01,3.736574649810791016e-01,4.521220922470092773e-01,4.441186487674713135e-01,4.383606612682342529e-01,2.073424607515335083e-01,1.177915707230567932e-01,6.811486929655075073e-02,-3.186512887477874756e-01,1.403646022081375122e-01,-9.152293950319290161e-02,5.217165499925613403e-02,5.050109699368476868e-02,9.203177690505981445e-02,1.960380077362060547e-01,7.241920381784439087e-02,2.125987857580184937e-01,2.279779501259326935e-02,1.021368876099586487e-01,4.745269194245338440e-02,1.045852974057197571e-01,9.650442004203796387e-02,-8.423001319169998169e-02,1.389423012733459473e-01,1.186825111508369446e-01,8.580137975513935089e-03,5.611151084303855896e-02,2.476509362459182739e-01,3.061587810516357422e-01,2.182988375425338745e-01,1.848725974559783936e-01,4.523036777973175049e-01,4.507094323635101318e-01,4.384546279907226562e-01,5.592361688613891602e-01,2.308856546878814697e-01,2.750210165977478027e-01,2.172412425279617310e-01,1.800802648067474365e-01,1.554655283689498901e-01,1.081797257065773010e-01,8.156394585967063904e-03,1.187904849648475647e-01,1.661800444126129150e-01,3.207694888114929199e-01,1.351874917745590210e-01,1.592998951673507690e-01,-1.318259835243225098e-01,-9.093536436557769775e-02,3.937065899372100830e-01,3.288921117782592773e-01,3.036469519138336182e-01,4.040774106979370117e-01,1.059151813387870789e-01,1.964661926031112671e-01,3.287483751773834229e-01,3.892076015472412109e-01,5.769244581460952759e-02,2.159754186868667603e-01,3.197549581527709961e-01,2.282823324203491211e-01,2.798452377319335938e-01,1.912259012460708618e-01,2.045965194702148438e-01,1.785947754979133606e-02,9.347863495349884033e-02,8.622991293668746948e-02,-1.370823234319686890e-01,1.288225799798965454e-01,8.554331958293914795e-02,-3.058996750041842461e-03,1.479402333498001099e-01,-1.816568672657012939e-01,2.992698550224304199e-01,1.283824592828750610e-01,1.436032205820083618e-01,2.424854040145874023e-01,1.106908172369003296e-01,-2.632512710988521576e-02,1.355446875095367432e-01,1.481423992663621902e-02,-1.856357306241989136e-01,-8.116976171731948853e-02,1.455339416861534119e-02,-4.381651431322097778e-02,8.571271598339080811e-02,8.232647925615310669e-02
2.635409235954284668e-01,3.628570139408111572e-01,4.976388216018676758e-01,2.449071854352951050e-01,2.278122752904891968e-01,2.486503124237060547e-01,5.005066394805908203e-01,3.213633298873901367e-01,2.735204994678497314e-01,2.388058006763458252e-01,7.344766259193420410e-01,4.104626178741455078e-01,1.000000000000000000e+00,1.822544187307357788e-01,3.702531456947326660e-01,1.031413972377777100e-01,4.066891968250274658e-01,3.348918259143829346e-01,2.188513278961181641e-01,2.432649284601211548e-01,-5.713121220469474792e-02,1.545773446559906006e-01,4.332841634750366211e-01,3.557463586330413818e-01,3.531831502914428711e-01,3.731999695301055908e-01,2.073728591203689575e-01,2.824513316154479980e-01,3.817448019981384277e-01,2.551940977573394775e-01,2.823210656642913818e-01,2.688870131969451904e-01,3.741686344146728516e-01,2.532369494438171387e-01,2.721680998802185059e-01,1.375379413366317749e-01,2.116624861955642700e-01,-2.069102525711059570e-01,1.847462654113769531e-01,1.074585318565368652e-01,1.359134912490844727e-01,2.369747310876846313e-02,2.804166674613952637e-01,3.102473616600036621e-01,2.820481359958648682e-01,2.850068807601928711e-01,3.797295689582824707e-01,2.704181671142578125e-01,2.294415831565856934e-01,2.049826681613922119e-01,1.916258335113525391e-01,5.254232790321111679e-03,1.669313162565231323e-01,-6.017876043915748596e-02,7.828285545110702515e-02,8.504227548837661743e-02,1.703468412160873413e-01,2.632257938385009766e-01,4.052047133445739746e-01,2.235945910215377808e-01,5.593897104263305664e-01,2.807648777961730957e-01,3.779696822166442871e-01,2.232939302921295166e-01,3.512822389602661133e-01,3.349612057209014893e-01,3.756377100944519043e-01,2.592659592628479004e-01,3.294413387775421143e-01,2.551816999912261963e-01,8.620978146791458130e-02,6.879841536283493042e-02,3.021680116653442383e-01,2.113422602415084839e-01,1.900746375322341919e-01,1.082512084394693375e-02,-7.448098808526992798e-02,-8.108656108379364014e-02,4.270476400852203369e-01,2.336406111717224121e-01,3.156739473342895508e-01,2.639459967613220215e-01,4.291484504938125610e-02,1.156955510377883911e-01,3.134348392486572266e-01,1.846597641706466675e-01,4.138902947306632996e-02,1.953530758619308472e-01,4.363042414188385010e-01,1.970811337232589722e-01,2.324166595935821533e-01,2.342015057802200317e-01,8.224225044250488281e-02,7.060031592845916748e-02,-8.545240759849548340e-02,1.540694385766983032e-01,2.051273137331008911e-01,1.326251775026321411e-01,2.199459224939346313e-01,1.875032484531402588e-02,1.646416038274765015e-01,3.318983316421508789e-02,2.900409102439880371e-01,1.074022352695465088e-01,8.215669542551040649e-02,2.833534181118011475e-01,3.385233581066131592e-01,-2.110329270362854004e-01,8.726231008768081665e-02,-6.559104472398757935e-02,1.523021608591079712e-01,1.264157611876726151e-02,3.650436922907829285e-02,5.152451619505882263e-02,3.109652549028396606e-02,6.707194447517395020e-02
