1.000000000000000000e+00,8.570091128349304199e-01,6.499856114387512207e-01,6.462543606758117676e-01,4.871796667575836182e-01,3.827489316463470459e-01,7.336308956146240234e-01,6.943891644477844238e-01,5.688425898551940918e-01,1.874845176935195923e-01,6.753632426261901855e-01,8.354620337486267090e-01,7.614440917968750000e-01,6.305626034736633301e-01,5.581077337265014648e-01,3.057273924350738525e-01,8.410563468933105469e-01,8.283502459526062012e-01,6.936453580856323242e-01,7.647446393966674805e-01,1.865614503622055054e-01,2.746625840663909912e-01,4.781163632869720459e-01,6.262934207916259766e-01,6.085149943828582764e-02,3.321555852890014648e-01,-1.693487465381622314e-01,-1.151984781026840210e-01,6.569111943244934082e-01,7.300758957862854004e-01,6.919000148773193359e-01,7.471518516540527344e-01,7.654693126678466797e-01,7.302211523056030273e-01,5.663542747497558594e-01,5.226243734359741211e-01,-3.992092981934547424e-02,-4.967195391654968262e-01,-1.351431310176849365e-01,2.979776561260223389e-01,3.960716426372528076e-01,3.351700901985168457e-01,7.382419705390930176e-01,6.816558241844177246e-01,5.839858651161193848e-01,6.513673067092895508e-01,5.964836478233337402e-01,1.516474783420562744e-01,6.304304003715515137e-01,5.916900038719177246e-01,6.154155731201171875e-01,5.336083769798278809e-01,4.381046295166015625e-01,4.677931368350982666e-01,3.721238374710083008e-01,6.049693226814270020e-01,8.959826231002807617e-01,8.031818866729736328e-01,6.813154816627502441e-01,5.680550932884216309e-01,8.014190793037414551e-01,6.235790252685546875e-01,7.967688441276550293e-01,8.024777173995971680e-01,5.319941639900207520e-01,6.054860949516296387e-01,6.848030090332031250e-01,6.169913411140441895e-01,4.193912744522094727e-01,2.685072422027587891e-01,6.648498773574829102e-01,6.261155605316162109e-01,6.135529279708862305e-01,6.554048061370849609e-01,2.559829652309417725e-01,3.881049156188964844e-01,2.324802801012992859e-02,2.315223217010498047e-01,7.996622920036315918e-01,7.404654026031494141e-01,8.547057509422302246e-01,7.140592932701110840e-01,5.529985427856445312e-01,2.321100085973739624e-01,8.346199989318847656e-01,5.740580558776855469e-01,1.373021453619003296e-01,-3.840229287743568420e-02,5.246708393096923828e-01,4.971857666969299316e-01,-1.786910444498062134e-01,2.652735821902751923e-02,-2.978017032146453857e-01,5.018699914216995239e-02,1.801400631666183472e-01,-2.007165253162384033e-01,1.360664367675781250e-01,6.002737879753112793e-01,2.072742283344268799e-01,4.501633048057556152e-01,1.500536948442459106e-01,2.003309577703475952e-01,3.603149950504302979e-02,2.817702591419219971e-01,-3.094812929630279541e-01,4.992401897907257080e-01,-1.838561706244945526e-02,3.250141739845275879e-01,-1.658016443252563477e-01,-2.644767165184020996e-01,1.385200470685958862e-01,2.080976665019989014e-01,3.763862252235412598e-01,6.147455796599388123e-02,3.058809936046600342e-01,1.592184007167816162e-01
8.570091128349304199e-01,1.000000000000000000e+00,6.080473065376281738e-01,7.224857807159423828e-01,5.424370169639587402e-01,2.072725296020507812e-01,6.893345713615417480e-01,7.558166384696960449e-01,5.535332560539245605e-01,1.085331887006759644e-01,5.514215230941772461e-01,8.270269632339477539e-01,6.967151165008544922e-01,5.509393811225891113e-01,5.974683761596679688e-01,1.082676500082015991e-01,7.973823547363281250e-01,8.053008913993835449e-01,6.619747877120971680e-01,7.947552204132080078e-01,1.719743311405181885e-01,1.261145919561386108e-01,4.612222015857696533e-01,6.326786875724792480e-01,-1.497712358832359314e-02,2.519414424896240234e-01,-2.269999533891677856e-01,-2.240647524595260620e-01,6.126848459243774414e-01,6.826990246772766113e-01,6.737096309661865234e-01,7.423169612884521484e-01,7.926864624023437500e-01,8.144213557243347168e-01,5.615614652633666992e-01,4.994208216667175293e-01,1.240460574626922607e-01,-3.404258191585540771e-01,-7.638898491859436035e-02,3.161562085151672363e-01,4.740975797176361084e-01,2.742745280265808105e-01,7.255231142044067383e-01,6.817454695701599121e-01,5.608835816383361816e-01,6.826720833778381348e-01,6.231206059455871582e-01,2.732324004173278809e-01,6.009312868118286133e-01,6.444535255432128906e-01,6.593929529190063477e-01,6.226285099983215332e-01,5.187808871269226074e-01,5.182186961174011230e-01,4.056834578514099121e-01,6.295363306999206543e-01,8.633260130882263184e-01,8.605813384056091309e-01,6.958767771720886230e-01,6.604200601577758789e-01,8.185833096504211426e-01,6.945487856864929199e-01,7.297754287719726562e-01,8.352966308593750000e-01,4.512905478477478027e-01,6.554139256477355957e-01,7.030393481254577637e-01,6.857461929321289062e-01,2.596200108528137207e-01,3.565461039543151855e-01,5.316684842109680176e-01,6.161671876907348633e-01,4.843971729278564453e-01,5.423524975776672363e-01,1.192503124475479126e-01,3.081019520759582520e-01,-1.825359463691711426e-02,2.265456318855285645e-01,7.126980423927307129e-01,7.018800973892211914e-01,7.803123593330383301e-01,6.915445923805236816e-01,6.304202675819396973e-01,7.323763519525527954e-02,7.797771692276000977e-01,5.419006347656250000e-01,1.412409245967864990e-01,-1.357040554285049438e-01,6.155964136123657227e-01,5.039142966270446777e-01,-6.252679228782653809e-02,2.192754764109849930e-03,-2.224250882863998413e-01,-5.207605194300413132e-03,1.129152178764343262e-01,-1.324055343866348267e-01,2.405329793691635132e-01,5.954327583312988281e-01,3.743463456630706787e-01,5.328255891799926758e-01,2.003936767578125000e-01,1.008801683783531189e-01,1.533956974744796753e-01,2.586874961853027344e-01,-3.153993785381317139e-01,4.889496266841888428e-01,-7.532901316881179810e-02,2.331361472606658936e-01,-1.827772706747055054e-01,-2.101694941520690918e-01,2.233263403177261353e-01,3.552983403205871582e-01,4.164656102657318115e-01,1.454239785671234131e-01,3.751971721649169922e-01,1.116158813238143921e-01
6.499856114387512207e-01,6.080473065376281738e-01,1.000000000000000000e+00,5.483824014663696289e-01,4.968272745609283447e-01,1.706137806177139282e-01,8.616074919700622559e-01,4.392694830894470215e-01,5.424526929855346680e-01,-6.225601211190223694e-02,5.999182462692260742e-01,5.881188511848449707e-01,6.984587907791137695e-01,4.215295314788818359e-01,6.033365130424499512e-01,2.682370543479919434e-01,5.926257967948913574e-01,5.584076046943664551e-01,6.320013999938964844e-01,6.082008481025695801e-01,3.341227471828460693e-01,4.339408501982688904e-02,7.310531735420227051e-01,8.503428697586059570e-01,1.036353930830955505e-01,4.862035214900970459e-01,-1.691510230302810669e-01,-1.712048649787902832e-01,4.505722224712371826e-01,4.813461601734161377e-01,6.720697283744812012e-01,6.726611852645874023e-01,6.702558398246765137e-01,6.194131970405578613e-01,6.373980641365051270e-01,4.921455383300781250e-01,8.769444376230239868e-02,-2.357816249132156372e-01,1.271130144596099854e-01,8.806609362363815308e-02,4.067874848842620850e-01,1.874194294214248657e-02,4.921357035636901855e-01,5.673674345016479492e-01,3.199792504310607910e-01,4.848377704620361328e-01,4.860831499099731445e-01,2.002931982278823853e-01,4.454229176044464111e-01,4.510135352611541748e-01,6.643269062042236328e-01,4.888598918914794922e-01,5.090528726577758789e-01,5.550456047058105469e-01,2.946722507476806641e-01,6.995929479598999023e-01,5.728605985641479492e-01,5.596883893013000488e-01,5.239338278770446777e-01,4.227611124515533447e-01,5.557941794395446777e-01,5.240015387535095215e-01,4.368405938148498535e-01,5.843221545219421387e-01,6.510974168777465820e-01,5.951514244079589844e-01,5.788252949714660645e-01,4.941096603870391846e-01,3.287431001663208008e-01,2.333869338035583496e-01,4.375367760658264160e-01,3.472737967967987061e-01,4.455084800720214844e-01,2.307228893041610718e-01,-2.306356839835643768e-02,5.073324590921401978e-02,1.060192435979843140e-01,3.377778455615043640e-02,5.080031752586364746e-01,5.090312957763671875e-01,6.091840863227844238e-01,7.590972781181335449e-01,4.373103082180023193e-01,2.709631621837615967e-01,6.520538926124572754e-01,7.005405426025390625e-01,4.644674435257911682e-02,8.351252228021621704e-02,4.181395471096038818e-01,5.435420870780944824e-01,-5.986021086573600769e-02,2.169865816831588745e-01,-2.517721056938171387e-01,2.469289749860763550e-01,-7.036858797073364258e-02,-4.416778981685638428e-01,3.715066611766815186e-02,4.263159632682800293e-01,1.766969114542007446e-01,5.410686135292053223e-01,1.695481985807418823e-01,3.504262566566467285e-01,1.069766120053827763e-03,4.283726513385772705e-01,-2.303571403026580811e-01,3.874238431453704834e-01,2.648946642875671387e-02,3.233574628829956055e-01,-3.254240453243255615e-01,-2.164887785911560059e-01,2.634841203689575195e-01,2.295704334974288940e-01,4.006431698799133301e-01,-2.695840969681739807e-02,2.939715683460235596e-01,9.840561449527740479e-02
6.462543606758117676e-01,7.224857807159423828e-01,5.483824014663696289e-01,1.000000000000000000e+00,6.856071949005126953e-01,3.210291564464569092e-01,7.016355395317077637e-01,8.522306084632873535e-01,7.054995298385620117e-01,3.523606956005096436e-01,4.008996188640594482e-01,6.516640186309814453e-01,6.046539545059204102e-01,4.122458994388580322e-01,6.721339225769042969e-01,1.265838295221328735e-01,6.030838489532470703e-01,5.251004099845886230e-01,7.982888221740722656e-01,8.359244465827941895e-01,2.145377546548843384e-01,1.003130748867988586e-01,6.182683706283569336e-01,6.828753948211669922e-01,-7.938975095748901367e-02,9.999200701713562012e-02,9.285794198513031006e-02,-7.975458353757858276e-02,4.044223725795745850e-01,4.201970398426055908e-01,6.005171537399291992e-01,6.351454854011535645e-01,7.547999024391174316e-01,7.914828658103942871e-01,7.899923324584960938e-01,7.486632466316223145e-01,2.324477434158325195e-01,-2.184942960739135742e-01,1.781000941991806030e-01,3.905795812606811523e-01,5.653802752494812012e-01,2.069129645824432373e-01,6.921234130859375000e-01,7.984778285026550293e-01,5.331091284751892090e-01,6.387302279472351074e-01,6.826166510581970215e-01,4.409631192684173584e-01,5.254448056221008301e-01,4.642599821090698242e-01,6.487635970115661621e-01,7.022925019264221191e-01,6.305420994758605957e-01,5.635232329368591309e-01,5.761688351631164551e-01,5.799772143363952637e-01,6.291754841804504395e-01,7.709206938743591309e-01,7.565826773643493652e-01,7.665682435035705566e-01,8.220582604408264160e-01,7.199003696441650391e-01,5.058290958404541016e-01,5.933123230934143066e-01,5.249465107917785645e-01,8.318822979927062988e-01,8.406077027320861816e-01,8.635900616645812988e-01,4.429550468921661377e-01,5.808209776878356934e-01,3.152763843536376953e-01,4.926623404026031494e-01,2.201635092496871948e-01,3.141918182373046875e-01,8.400435000658035278e-02,3.630307316780090332e-02,2.514032423496246338e-01,8.909270912408828735e-02,5.232078433036804199e-01,3.910306692123413086e-01,6.299666762351989746e-01,4.270127713680267334e-01,6.004498600959777832e-01,-6.607992574572563171e-03,6.666914224624633789e-01,4.842409491539001465e-01,3.009344935417175293e-01,-1.825167983770370483e-01,7.114571332931518555e-01,5.635114312171936035e-01,1.667910665273666382e-01,1.867847703397274017e-02,-2.361621521413326263e-02,-1.942351162433624268e-01,-1.833743788301944733e-02,-3.549779206514358521e-02,3.034640252590179443e-01,4.888111650943756104e-01,4.896597564220428467e-01,5.097949504852294922e-01,3.173283338546752930e-01,-1.311791986227035522e-01,2.768905758857727051e-01,1.885962635278701782e-01,-1.580343581736087799e-02,5.199067592620849609e-01,7.632668316364288330e-02,-6.807764060795307159e-03,-1.982353925704956055e-01,9.607669711112976074e-02,4.494216442108154297e-01,5.639253258705139160e-01,4.210757017135620117e-01,-1.634188145399093628e-01,1.127583011984825134e-01,-1.241356730461120605e-01
4.871796667575836182e-01,5.424370169639587402e-01,4.968272745609283447e-01,6.856071949005126953e-01,1.000000000000000000e+00,2.705068290233612061e-01,6.023827195167541504e-01,6.644447445869445801e-01,6.893818378448486328e-01,2.720924615859985352e-01,4.181754291057586670e-01,5.752103328704833984e-01,5.020279884338378906e-01,3.099378347396850586e-01,7.461095452308654785e-01,2.008479982614517212e-01,4.606942236423492432e-01,3.791254758834838867e-01,6.289150118827819824e-01,6.425347328186035156e-01,3.082225620746612549e-01,1.617527306079864502e-01,5.871582031250000000e-01,5.521405339241027832e-01,2.682069838047027588e-01,1.437496095895767212e-01,3.996097743511199951e-01,2.842910587787628174e-01,2.490184456110000610e-01,3.675526976585388184e-01,5.115909576416015625e-01,4.961768984794616699e-01,5.818690657615661621e-01,6.009108424186706543e-01,5.905516147613525391e-01,5.619179606437683105e-01,1.097184121608734131e-01,-1.389550715684890747e-01,3.581779301166534424e-01,3.713388442993164062e-01,4.261163473129272461e-01,1.417917907238006592e-01,4.970635175704956055e-01,5.257263779640197754e-01,4.008234143257141113e-01,4.751110672950744629e-01,5.660379528999328613e-01,4.075523614883422852e-01,3.746815323829650879e-01,4.312288463115692139e-01,6.128795146942138672e-01,5.885864496231079102e-01,6.622185111045837402e-01,6.412131786346435547e-01,6.796520352363586426e-01,5.482694506645202637e-01,4.114944636821746826e-01,5.688778758049011230e-01,5.657880306243896484e-01,6.310250759124755859e-01,6.070841550827026367e-01,6.173303723335266113e-01,3.136789500713348389e-01,4.683003723621368408e-01,4.382807910442352295e-01,5.860377550125122070e-01,5.493023991584777832e-01,5.706796646118164062e-01,2.566514909267425537e-01,3.649211823940277100e-01,2.392286658287048340e-01,3.706900477409362793e-01,1.775197535753250122e-01,1.770346164703369141e-01,2.040226012468338013e-02,-5.863368138670921326e-02,2.065958529710769653e-01,-9.497524239122867584e-03,3.330269455909729004e-01,2.437190711498260498e-01,4.949046373367309570e-01,4.233737587928771973e-01,6.237971186637878418e-01,2.128256298601627350e-02,5.653481483459472656e-01,4.807300865650177002e-01,2.728644013404846191e-01,-1.026681214570999146e-01,5.828316807746887207e-01,5.311035513877868652e-01,2.482445985078811646e-01,1.904125213623046875e-01,5.224301293492317200e-02,4.971000179648399353e-02,-2.205059118568897247e-02,-1.397471278905868530e-01,1.584788262844085693e-01,4.222613573074340820e-01,4.772635996341705322e-01,5.456931591033935547e-01,3.093991577625274658e-01,1.594744324684143066e-01,2.255442142486572266e-01,2.767236828804016113e-01,-7.203071564435958862e-02,2.833972871303558350e-01,2.040256261825561523e-01,3.996539115905761719e-02,-1.587560325860977173e-01,9.032449126243591309e-02,3.488920032978057861e-01,4.192837178707122803e-01,3.548678457736968994e-01,-3.089214861392974854e-02,1.601274311542510986e-01,9.296411648392677307e-03
3.827489316463470459e-01,2.072725296020507812e-01,1.706137806177139282e-01,3.210291564464569092e-01,2.705068290233612061e-01,1.000000000000000000e+00,3.154057264328002930e-01,3.735907375812530518e-01,3.445701897144317627e-01,2.343384027481079102e-01,3.418564796447753906e-01,3.382959961891174316e-01,2.817817330360412598e-01,2.411085218191146851e-01,2.668895125389099121e-01,4.184605181217193604e-01,4.177524745464324951e-01,3.667843937873840332e-01,3.847398161888122559e-01,3.910273611545562744e-01,-4.532830044627189636e-02,3.765025734901428223e-01,3.651724457740783691e-01,3.187025785446166992e-01,2.797914445400238037e-01,4.790383875370025635e-01,3.361457884311676025e-01,3.885703682899475098e-01,3.333026170730590820e-01,3.446241021156311035e-01,4.043768644332885742e-01,3.863030076026916504e-01,3.704540133476257324e-01,2.943538427352905273e-01,3.928709328174591064e-01,4.914605319499969482e-01,-3.226377964019775391e-01,-5.964942574501037598e-01,-1.987670809030532837e-01,1.687833517789840698e-01,-2.110601216554641724e-02,2.170627564191818237e-01,3.695322573184967041e-01,3.328503370285034180e-01,3.664802610874176025e-01,3.349999785423278809e-01,2.503584623336791992e-01,1.719681359827518463e-02,3.140584528446197510e-01,2.544483244419097900e-01,3.349294066429138184e-01,2.623396515846252441e-01,2.045877277851104736e-01,2.724921405315399170e-01,1.598426699638366699e-01,1.512286067008972168e-01,3.989437520503997803e-01,3.559258282184600830e-01,1.966716647148132324e-01,2.746779024600982666e-01,3.104443848133087158e-01,3.038726747035980225e-01,4.250590801239013672e-01,3.821502625942230225e-01,3.670272827148437500e-01,3.670065701007843018e-01,3.209446668624877930e-01,2.733068168163299561e-01,5.015341043472290039e-01,3.631170373409986496e-03,4.105589985847473145e-01,2.417597025632858276e-01,3.340309858322143555e-01,3.614016175270080566e-01,8.088856190443038940e-02,1.450272798538208008e-01,2.691060006618499756e-01,1.729709208011627197e-01,4.674316942691802979e-01,2.540265619754791260e-01,5.110995769500732422e-01,3.483204841613769531e-01,2.341072708368301392e-01,1.137618571519851685e-01,4.509329497814178467e-01,4.332448244094848633e-01,5.927029624581336975e-02,-4.668309912085533142e-02,-7.032119482755661011e-02,3.289848566055297852e-01,-9.622644633054733276e-02,7.485089451074600220e-02,-7.833982817828655243e-03,-2.661832980811595917e-02,-4.302713274955749512e-02,-9.142586588859558105e-02,7.571569085121154785e-02,3.530873358249664307e-01,3.037142381072044373e-02,1.373361498117446899e-01,1.505589038133621216e-01,8.985231071710586548e-02,6.316014379262924194e-02,4.462990537285804749e-02,6.802056729793548584e-02,2.704681754112243652e-01,3.708679676055908203e-01,3.660231828689575195e-01,-2.771027982234954834e-01,-3.911196440458297729e-02,1.620618700981140137e-01,5.392997711896896362e-02,5.239674448966979980e-02,-5.973395332694053650e-02,-6.274584680795669556e-02,-1.223173663020133972e-01
7.336308956146240234e-01,6.893345713615417480e-01,8.616074919700622559e-01,7.016355395317077637e-01,6.023827195167541504e-01,3.154057264328002930e-01,1.000000000000000000e+00,6.403773427009582520e-01,6.944328546524047852e-01,1.055486947298049927e-01,6.975561976432800293e-01,7.064689993858337402e-01,8.250565528869628906e-01,5.339096188545227051e-01,6.843510270118713379e-01,3.293107151985168457e-01,6.688648462295532227e-01,6.088942289352416992e-01,6.782934069633483887e-01,6.951192021369934082e-01,2.830295860767364502e-01,4.074932634830474854e-02,6.912044882774353027e-01,8.228151202201843262e-01,7.302642613649368286e-02,4.070793390274047852e-01,-1.652853004634380341e-02,-1.180754527449607849e-01,5.204886794090270996e-01,5.126487016677856445e-01,7.294943928718566895e-01,7.333896756172180176e-01,7.631316781044006348e-01,7.352754473686218262e-01,7.167597413063049316e-01,6.080200076103210449e-01,3.118060156702995300e-02,-3.659408092498779297e-01,4.907043278217315674e-02,1.674680858850479126e-01,4.614730477333068848e-01,3.932269662618637085e-02,6.144466400146484375e-01,7.262532114982604980e-01,4.976613819599151611e-01,6.388388872146606445e-01,5.311055779457092285e-01,1.635499000549316406e-01,5.446682572364807129e-01,5.553583502769470215e-01,6.880881190299987793e-01,6.581302881240844727e-01,5.256705880165100098e-01,5.337203145027160645e-01,3.625634014606475830e-01,6.860882639884948730e-01,6.418594717979431152e-01,6.266825199127197266e-01,5.931389331817626953e-01,4.813061654567718506e-01,7.304580211639404297e-01,6.438503265380859375e-01,5.585654973983764648e-01,6.836016178131103516e-01,6.928054094314575195e-01,7.401689291000366211e-01,6.609870791435241699e-01,6.034314036369323730e-01,3.683511912822723389e-01,2.686217427253723145e-01,5.210555791854858398e-01,3.930940628051757812e-01,4.878083765506744385e-01,3.295584619045257568e-01,1.035179570317268372e-02,8.649799972772598267e-02,2.157838344573974609e-01,1.354889571666717529e-01,6.062883138656616211e-01,5.111144185066223145e-01,7.033089399337768555e-01,7.321498394012451172e-01,5.701673030853271484e-01,2.285427153110504150e-01,7.391133308410644531e-01,7.086570858955383301e-01,1.342064291238784790e-01,1.716418378055095673e-02,4.529382884502410889e-01,5.797622799873352051e-01,-1.120842173695564270e-01,7.263837009668350220e-02,-2.951352298259735107e-01,1.017406731843948364e-01,1.042919326573610306e-02,-3.957836329936981201e-01,2.654035389423370361e-02,4.761824607849121094e-01,1.961605250835418701e-01,4.817116558551788330e-01,1.485943496227264404e-01,2.307265847921371460e-01,-2.872782386839389801e-02,3.150902092456817627e-01,-1.398588120937347412e-01,5.212462544441223145e-01,6.972863338887691498e-04,3.162575960159301758e-01,-2.922028601169586182e-01,-1.919032782316207886e-01,2.137255370616912842e-01,2.580209970474243164e-01,4.494276940822601318e-01,-7.820152491331100464e-02,3.395757377147674561e-01,1.152911558747291565e-01
6.943891644477844238e-01,7.558166384696960449e-01,4.392694830894470215e-01,8.522306084632873535e-01,6.644447445869445801e-01,3.735907375812530518e-01,6.403773427009582520e-01,1.000000000000000000e+00,6.095622777938842773e-01,3.091320395469665527e-01,5.016182065010070801e-01,7.733858823776245117e-01,6.647283434867858887e-01,5.335932374000549316e-01,6.141601800918579102e-01,1.595636755228042603e-01,6.944226026535034180e-01,6.291018724441528320e-01,7.138925790786743164e-01,7.989490628242492676e-01,2.237415909767150879e-01,1.399189233779907227e-01,5.250390768051147461e-01,5.445365309715270996e-01,7.234748918563127518e-03,1.424159705638885498e-01,7.737489789724349976e-02,-6.276913732290267944e-02,4.835681617259979248e-01,4.819310903549194336e-01,5.982663035392761230e-01,6.562998294830322266e-01,7.550736665725708008e-01,7.957836389541625977e-01,6.969116330146789551e-01,7.105779647827148438e-01,4.056475311517715454e-02,-3.758702576160430908e-01,-7.558215875178575516e-03,3.563407361507415771e-01,4.820185303688049316e-01,2.562592923641204834e-01,7.248938679695129395e-01,7.552856802940368652e-01,6.023200750350952148e-01,6.999346017837524414e-01,6.414512991905212402e-01,3.413188457489013672e-01,5.047857165336608887e-01,5.686642527580261230e-01,5.961475372314453125e-01,7.177956700325012207e-01,5.895237326622009277e-01,5.422040820121765137e-01,5.723948478698730469e-01,5.158516168594360352e-01,6.625695228576660156e-01,7.536777257919311523e-01,7.306398153305053711e-01,7.517346739768981934e-01,8.469285368919372559e-01,8.133707046508789062e-01,6.073265075683593750e-01,6.641746163368225098e-01,4.826092123985290527e-01,8.078780770301818848e-01,7.298413515090942383e-01,7.591338753700256348e-01,3.838187158107757568e-01,3.884900212287902832e-01,4.536307156085968018e-01,5.093392729759216309e-01,3.426656424999237061e-01,4.810492396354675293e-01,1.870282292366027832e-01,1.922434121370315552e-01,2.176077961921691895e-01,1.134853363037109375e-01,6.161430478096008301e-01,4.715855717658996582e-01,7.145848274230957031e-01,4.423745572566986084e-01,6.920799612998962402e-01,-8.733282983303070068e-02,7.458730936050415039e-01,4.471209645271301270e-01,3.183147311210632324e-01,-2.611669003963470459e-01,6.453276276588439941e-01,5.212947726249694824e-01,8.244927972555160522e-02,3.088589012622833252e-02,-7.420706748962402344e-02,-1.216018721461296082e-01,2.030122093856334686e-02,-9.381334483623504639e-02,2.151928246021270752e-01,5.515457987785339355e-01,4.157608747482299805e-01,4.972315132617950439e-01,2.991830110549926758e-01,-1.665574871003627777e-02,2.350788414478302002e-01,1.775619685649871826e-01,-4.938160628080368042e-02,5.347148180007934570e-01,1.422057449817657471e-01,9.649470448493957520e-02,-1.643854379653930664e-01,4.166233539581298828e-02,3.558913469314575195e-01,4.624433219432830811e-01,3.924514949321746826e-01,-2.204606495797634125e-02,2.547898590564727783e-01,-3.281101118773221970e-03
5.688425898551940918e-01,5.535332560539245605e-01,5.424526929855346680e-01,7.054995298385620117e-01,6.893818378448486328e-01,3.445701897144317627e-01,6.944328546524047852e-01,6.095622777938842773e-01,1.000000000000000000e+00,3.885465264320373535e-01,4.854177832603454590e-01,5.250551104545593262e-01,5.788980722427368164e-01,3.876366913318634033e-01,7.449864745140075684e-01,3.101208806037902832e-01,4.543362259864807129e-01,3.579919934272766113e-01,6.228383183479309082e-01,6.127717494964599609e-01,2.163211852312088013e-01,2.366980016231536865e-01,5.819579362869262695e-01,5.501102805137634277e-01,2.330793291330337524e-01,1.887110471725463867e-01,2.895508110523223877e-01,2.004876583814620972e-01,2.109497338533401489e-01,3.108117282390594482e-01,5.186263322830200195e-01,4.656772911548614502e-01,5.694721341133117676e-01,5.718254446983337402e-01,6.819347739219665527e-01,6.034160852432250977e-01,1.959704607725143433e-01,-1.708410829305648804e-01,5.945037305355072021e-02,4.482007622718811035e-01,3.767216205596923828e-01,2.812194824218750000e-01,5.624858736991882324e-01,6.597079634666442871e-01,5.673193335533142090e-01,5.603692531585693359e-01,5.378072857856750488e-01,2.110298275947570801e-01,5.496372580528259277e-01,4.913150370121002197e-01,5.865802764892578125e-01,6.739169359207153320e-01,5.683643817901611328e-01,4.039012491703033447e-01,4.527190625667572021e-01,4.703930020332336426e-01,4.741623997688293457e-01,5.099611878395080566e-01,6.508345007896423340e-01,5.384295582771301270e-01,6.909126043319702148e-01,5.197737216949462891e-01,3.656750917434692383e-01,4.580922424793243408e-01,6.848510503768920898e-01,6.807937026023864746e-01,6.236243844032287598e-01,5.915554761886596680e-01,3.087304234504699707e-01,4.135275781154632568e-01,3.578962385654449463e-01,4.059891998767852783e-01,1.718454957008361816e-01,1.555988788604736328e-01,-4.907057620584964752e-03,-8.047306537628173828e-02,3.156183063983917236e-01,1.005021631717681885e-01,3.687390685081481934e-01,2.667963206768035889e-01,4.847982525825500488e-01,4.506183862686157227e-01,4.597484767436981201e-01,1.862715631723403931e-01,6.186969280242919922e-01,5.788199305534362793e-01,5.880129337310791016e-02,5.375151988118886948e-03,5.438504815101623535e-01,4.151389896869659424e-01,9.450789541006088257e-02,-1.102579161524772644e-01,-6.476619746536016464e-03,-2.122877985239028931e-01,2.356919832527637482e-02,-4.107531532645225525e-02,2.377774417400360107e-01,3.641053736209869385e-01,3.365118503570556641e-01,3.244710862636566162e-01,1.103940233588218689e-01,-4.235436767339706421e-02,8.611478656530380249e-02,1.339525133371353149e-01,5.814448744058609009e-02,3.734993934631347656e-01,1.433830359019339085e-03,8.210324682295322418e-03,-2.402902394533157349e-01,-7.238194346427917480e-02,2.037773430347442627e-01,2.937532067298889160e-01,3.760780990123748779e-01,-1.354420185089111328e-01,3.219690024852752686e-01,1.436043158173561096e-02
1.874845176935195923e-01,1.085331887006759644e-01,-6.225601211190223694e-02,3.523606956005096436e-01,2.720924615859985352e-01,2.343384027481079102e-01,1.055486947298049927e-01,3.091320395469665527e-01,3.885465264320373535e-01,1.000000000000000000e+00,3.018810451030731201e-01,1.953604370355606079e-01,1.933348923921585083e-01,3.505414724349975586e-01,3.892006576061248779e-01,4.489515125751495361e-01,2.534884810447692871e-01,1.328767389059066772e-01,1.571965068578720093e-01,2.178888320922851562e-01,2.780973315238952637e-01,3.432603776454925537e-01,-3.071004990488290787e-03,4.629586264491081238e-02,-1.785286217927932739e-01,-2.437916845083236694e-01,2.331427633762359619e-01,2.681437134742736816e-01,1.797695755958557129e-01,2.190071493387222290e-01,1.293258368968963623e-01,1.182182803750038147e-01,1.768386214971542358e-01,1.877057701349258423e-01,2.626484930515289307e-01,2.645433843135833740e-01,3.064500391483306885e-01,-2.207310171797871590e-03,2.208029925823211670e-01,4.609082937240600586e-01,2.199221104383468628e-01,2.589760422706604004e-01,3.790341019630432129e-01,3.528355062007904053e-01,4.947719871997833252e-01,2.660407125949859619e-01,2.993012666702270508e-01,1.703314110636711121e-02,4.029465019702911377e-01,1.509453058242797852e-01,1.473397016525268555e-01,2.175479978322982788e-01,-2.231609821319580078e-02,-1.982363313436508179e-01,3.942717909812927246e-01,-3.524351492524147034e-02,7.608602195978164673e-02,5.508117377758026123e-02,1.985034346580505371e-01,1.413938105106353760e-01,2.658804357051849365e-01,1.688560396432876587e-01,2.345086485147476196e-01,7.290900684893131256e-03,2.708529531955718994e-01,2.151658535003662109e-01,2.125643044710159302e-01,1.820938438177108765e-01,9.244844317436218262e-02,1.192522868514060974e-01,2.069976925849914551e-01,6.895390152931213379e-02,1.782979071140289307e-01,2.306115776300430298e-01,4.204721152782440186e-01,1.422895304858684540e-02,1.362041831016540527e-01,3.020019531250000000e-01,2.348254173994064331e-01,1.671885848045349121e-01,1.714622378349304199e-01,-1.834691166877746582e-01,3.276667892932891846e-01,1.511791944503784180e-01,2.944231629371643066e-01,-1.635670065879821777e-01,3.542153537273406982e-01,7.641171105206012726e-04,2.661796212196350098e-01,-2.091238796710968018e-01,-1.477418094873428345e-01,-4.065941274166107178e-01,-8.879353106021881104e-02,-5.373335480690002441e-01,2.863940894603729248e-01,3.517241477966308594e-01,2.747857272624969482e-01,1.363274604082107544e-01,-7.997532188892364502e-02,-1.886920779943466187e-01,-1.968295276165008545e-01,-4.093250930309295654e-01,-1.423686146736145020e-01,-1.298117935657501221e-01,3.739885687828063965e-01,1.198343280702829361e-02,-3.081412613391876221e-02,-2.459084838628768921e-01,2.344523221254348755e-01,1.536789834499359131e-01,2.732673659920692444e-02,-4.053600504994392395e-02,-1.296223104000091553e-01,-1.793570965528488159e-01,5.717884004116058350e-02,1.461971849203109741e-01
6.753632426261901855e-01,5.514215230941772461e-01,5.999182462692260742e-01,4.008996188640594482e-01,4.181754291057586670e-01,3.418564796447753906e-01,6.975561976432800293e-01,5.016182065010070801e-01,4.854177832603454590e-01,3.018810451030731201e-01,1.000000000000000000e+00,7.441761493682861328e-01,8.420838117599487305e-01,7.394320368766784668e-01,6.542471051216125488e-01,5.879920125007629395e-01,7.369886636734008789e-01,6.535541415214538574e-01,3.519083261489868164e-01,4.642869830131530762e-01,4.459699690341949463e-01,2.193640619516372681e-01,3.853108584880828857e-01,5.710434317588806152e-01,1.151453703641891479e-03,2.745840549468994141e-01,-1.027930248528718948e-02,3.360692039132118225e-02,6.246560215950012207e-01,6.467469930648803711e-01,6.532943248748779297e-01,6.698988676071166992e-01,5.938342809677124023e-01,5.733964443206787109e-01,3.639787435531616211e-01,2.408431619405746460e-01,-8.603630959987640381e-02,-4.765618741512298584e-01,-1.722136512398719788e-02,1.048517301678657532e-01,2.636297941207885742e-01,-2.641659975051879883e-02,5.487092733383178711e-01,4.749754965305328369e-01,5.616312026977539062e-01,5.480979681015014648e-01,3.432245254516601562e-01,-1.154999732971191406e-01,4.238486886024475098e-01,5.593435168266296387e-01,4.385209977626800537e-01,3.745084404945373535e-01,2.236089259386062622e-01,2.242736816406250000e-01,3.494183719158172607e-01,4.975948333740234375e-01,5.487632751464843750e-01,4.049672186374664307e-01,2.911269068717956543e-01,2.148236930370330811e-01,5.502884984016418457e-01,5.486686825752258301e-01,6.629968285560607910e-01,6.260544061660766602e-01,5.701695084571838379e-01,4.365347921848297119e-01,3.045724034309387207e-01,2.235924899578094482e-01,1.324030756950378418e-01,-6.822073459625244141e-02,6.317939162254333496e-01,2.892028689384460449e-01,6.757481098175048828e-01,5.064282417297363281e-01,2.985309660434722900e-01,3.136133551597595215e-01,2.905620262026786804e-02,2.005753517150878906e-01,6.515157818794250488e-01,6.245003342628479004e-01,6.485625505447387695e-01,5.735491514205932617e-01,6.248374581336975098e-01,3.638044893741607666e-01,7.368201017379760742e-01,4.269201159477233887e-01,3.046400249004364014e-01,1.688514649868011475e-01,2.660791873931884766e-01,2.645708024501800537e-01,-3.742156922817230225e-01,-7.914206385612487793e-02,-4.373733997344970703e-01,5.601103231310844421e-02,1.594322025775909424e-01,-3.838376700878143311e-01,-4.806333407759666443e-02,3.877876996994018555e-01,-7.130859792232513428e-02,1.820855587720870972e-01,-9.740632027387619019e-02,2.715312540531158447e-01,-2.528309822082519531e-01,2.400039285421371460e-01,-2.279247045516967773e-01,2.620058059692382812e-01,-1.324106901884078979e-01,3.290112614631652832e-01,-1.812901049852371216e-01,-3.668330609798431396e-01,-1.375685036182403564e-01,-1.071587428450584412e-01,1.741437464952468872e-01,2.294559404253959656e-02,3.687117695808410645e-01,3.106810748577117920e-01
8.354620337486267090e-01,8.270269632339477539e-01,5.881188511848449707e-01,6.516640186309814453e-01,5.752103328704833984e-01,3.382959961891174316e-01,7.064689993858337402e-01,7.733858823776245117e-01,5.250551104545593262e-01,1.953604370355606079e-01,7.441761493682861328e-01,1.000000000000000000e+00,8.170769810676574707e-01,7.620126008987426758e-01,6.490103602409362793e-01,3.530622422695159912e-01,8.346410393714904785e-01,8.123968839645385742e-01,5.733909606933593750e-01,7.480340600013732910e-01,2.818024754524230957e-01,1.366021633148193359e-01,4.171404242515563965e-01,6.531944274902343750e-01,-1.854782178997993469e-02,2.912855744361877441e-01,-1.261964291334152222e-01,-1.401411294937133789e-01,7.098530530929565430e-01,7.392141819000244141e-01,6.795668601989746094e-01,7.687209248542785645e-01,7.616403102874755859e-01,7.702108621597290039e-01,4.880758225917816162e-01,4.524362981319427490e-01,-2.534699067473411560e-02,-4.831094741821289062e-01,-1.312954723834991455e-01,2.236810773611068726e-01,4.086920320987701416e-01,1.556018292903900146e-01,6.923446655273437500e-01,6.675952076911926270e-01,6.468896269798278809e-01,7.656149268150329590e-01,5.373382568359375000e-01,1.148860231041908264e-01,6.239919066429138184e-01,7.703834772109985352e-01,6.457603573799133301e-01,6.361461281776428223e-01,4.600583910942077637e-01,4.837758243083953857e-01,4.220474064350128174e-01,6.401138901710510254e-01,7.577262520790100098e-01,7.160683870315551758e-01,6.319082975387573242e-01,6.139562129974365234e-01,7.935947179794311523e-01,7.950800657272338867e-01,7.721410989761352539e-01,8.359965085983276367e-01,3.890917003154754639e-01,6.240215897560119629e-01,5.845366120338439941e-01,5.611320734024047852e-01,2.530276477336883545e-01,1.746528893709182739e-01,6.037279963493347168e-01,5.203344821929931641e-01,6.319370269775390625e-01,6.408113837242126465e-01,2.049691230058670044e-01,4.057542383670806885e-01,-8.053195197135210037e-04,2.836210429668426514e-01,7.747042179107666016e-01,7.195194363594055176e-01,8.245282769203186035e-01,6.885423660278320312e-01,6.843749880790710449e-01,1.805666685104370117e-01,8.197876811027526855e-01,5.434255003929138184e-01,2.264647930860519409e-01,-1.652741990983486176e-02,5.051891207695007324e-01,4.806577563285827637e-01,-2.508185803890228271e-01,-4.281771183013916016e-02,-3.833200633525848389e-01,-1.614367030560970306e-02,1.629123240709304810e-01,-2.350038886070251465e-01,1.029404178261756897e-01,6.501628756523132324e-01,1.642481535673141479e-01,4.388134479522705078e-01,5.996024981141090393e-02,1.604083031415939331e-01,-6.136177480220794678e-02,2.260720431804656982e-01,-3.752075433731079102e-01,4.435935020446777344e-01,-6.607078015804290771e-02,2.937484979629516602e-01,-1.762068718671798706e-01,-2.260406762361526489e-01,6.278637796640396118e-02,1.355930566787719727e-01,3.944325447082519531e-01,1.308970302343368530e-01,3.384773135185241699e-01,1.954210251569747925e-01
7.614440917968750000e-01,6.967151165008544922e-01,6.984587907791137695e-01,6.046539545059204102e-01,5.020279884338378906e-01,2.817817330360412598e-01,8.250565528869628906e-01,6.647283434867858887e-01,5.788980722427368164e-01,1.933348923921585083e-01,8.420838117599487305e-01,8.170769810676574707e-01,1.000000000000000000e+00,6.933203339576721191e-01,6.571978330612182617e-01,3.537451028823852539e-01,7.725642919540405273e-01,7.028769850730895996e-01,4.956090152263641357e-01,5.793654322624206543e-01,3.717827796936035156e-01,1.111998930573463440e-01,4.480806291103363037e-01,6.638517379760742188e-01,-5.670186877250671387e-02,2.630774080753326416e-01,-1.124852970242500305e-01,-1.491577476263046265e-01,6.504564881324768066e-01,5.971403717994689941e-01,6.312519311904907227e-01,6.811854839324951172e-01,6.566158533096313477e-01,6.597679853439331055e-01,4.888957440853118896e-01,3.900329768657684326e-01,-3.928517550230026245e-02,-4.479099810123443604e-01,1.998998224735260010e-02,1.320633292198181152e-01,4.209703505039215088e-01,-2.069042250514030457e-02,6.022983789443969727e-01,6.061757802963256836e-01,5.284399986267089844e-01,6.404063701629638672e-01,4.481848478317260742e-01,4.005223140120506287e-02,4.824437499046325684e-01,6.052402257919311523e-01,5.507157444953918457e-01,5.599050521850585938e-01,3.950354754924774170e-01,4.196183085441589355e-01,3.983015418052673340e-01,6.188846230506896973e-01,6.397453546524047852e-01,5.894397497177124023e-01,5.125586390495300293e-01,4.543765485286712646e-01,7.458981871604919434e-01,6.962345838546752930e-01,7.040746808052062988e-01,7.190510630607604980e-01,5.470452308654785156e-01,6.307958364486694336e-01,5.028566718101501465e-01,4.718158245086669922e-01,2.052571624517440796e-01,1.476218402385711670e-01,5.907731652259826660e-01,4.330481290817260742e-01,6.511900424957275391e-01,5.244355201721191406e-01,2.519990205764770508e-01,3.327084183692932129e-01,2.650034800171852112e-02,1.511652767658233643e-01,6.913962364196777344e-01,6.361092925071716309e-01,7.263550758361816406e-01,6.585382223129272461e-01,6.624382734298706055e-01,2.139096111059188843e-01,7.703884243965148926e-01,5.404008030891418457e-01,3.181409239768981934e-01,5.194601416587829590e-02,4.686549305915832520e-01,4.745829105377197266e-01,-2.645187377929687500e-01,-3.714121133089065552e-02,-4.240553379058837891e-01,4.204962030053138733e-02,4.113912954926490784e-02,-4.347992837429046631e-01,-3.730992972850799561e-02,4.536004662513732910e-01,1.266089379787445068e-01,3.726405203342437744e-01,5.729056522250175476e-02,2.265842407941818237e-01,-1.103921607136726379e-01,2.540234625339508057e-01,-2.312022298574447632e-01,4.043995738029479980e-01,-1.384746134281158447e-01,2.957410216331481934e-01,-2.856617569923400879e-01,-3.104345798492431641e-01,4.370160400867462158e-03,9.960702806711196899e-02,3.537353873252868652e-01,-4.358936846256256104e-02,3.246574103832244873e-01,2.541214823722839355e-01
