1.000000000000000000e+00,7.022104263305664062e-01,6.527349948883056641e-01,3.869045972824096680e-01,-6.094408035278320312e-02,3.701177537441253662e-01,6.207305192947387695e-01,1.273513436317443848e-01,-1.872965544462203979e-01,4.319380521774291992e-01,6.232394576072692871e-01,2.371682226657867432e-01,6.325445175170898438e-01,4.299020767211914062e-01,3.684391081333160400e-01,4.775945246219635010e-01,4.823853075504302979e-01,5.065110325813293457e-01,5.250785350799560547e-01,5.137937068939208984e-01,1.862233132123947144e-01,2.117720246315002441e-01,4.744771420955657959e-01,3.453524708747863770e-01,3.637223541736602783e-01,3.771385550498962402e-01,2.822827100753784180e-01,3.594423532485961914e-01,2.877334356307983398e-01,7.043596357107162476e-02,1.311828941106796265e-01,-5.625163018703460693e-02,4.530471563339233398e-01,4.455071091651916504e-01,2.652856409549713135e-01,3.485809564590454102e-01,2.579061090946197510e-01,-7.962830364704132080e-03,-2.738530039787292480e-01,3.424140214920043945e-01,2.803541421890258789e-01,4.359918832778930664e-01,2.166114896535873413e-01,4.272503554821014404e-01,3.339958488941192627e-01,1.335286647081375122e-01,2.934681475162506104e-01,3.376497626304626465e-01,3.112207949161529541e-01,3.621910512447357178e-02,4.423131346702575684e-01,8.803182095289230347e-02,5.255847573280334473e-01,5.078423619270324707e-01,4.082340598106384277e-01,5.327796339988708496e-01,6.739914417266845703e-01,6.713919043540954590e-01,5.520526170730590820e-01,3.123208582401275635e-01,4.931927621364593506e-01,2.072836011648178101e-01,5.918586254119873047e-01,5.471837520599365234e-01,2.430944591760635376e-01,2.371083199977874756e-01,3.403236269950866699e-01,1.678000092506408691e-01,6.220425963401794434e-01,5.139985680580139160e-01,4.899823963642120361e-01,1.377929449081420898e-01,1.966273933649063110e-01,2.475530505180358887e-01,2.731845974922180176e-01,1.007231622934341431e-01,4.656951725482940674e-01,2.298873811960220337e-01,5.047153234481811523e-01,4.574229717254638672e-01,5.676351785659790039e-01,6.582589745521545410e-01,3.999698460102081299e-01,9.982243180274963379e-02,6.590551733970642090e-01,6.473585963249206543e-01,2.484082803130149841e-02,7.251764833927154541e-02,4.827308654785156250e-01,5.529282093048095703e-01,1.629981845617294312e-01,4.851615428924560547e-01,2.794124782085418701e-01,4.991614222526550293e-01,1.213683187961578369e-01,-7.112993393093347549e-03,2.016881108283996582e-02,4.341832995414733887e-01,3.308252692222595215e-01,5.595168471336364746e-01,6.029530167579650879e-01,2.840934693813323975e-01,2.937682569026947021e-01,1.665216535329818726e-01,-2.500188946723937988e-01,8.301842957735061646e-02,7.860568910837173462e-02,2.211038321256637573e-01,1.725415140390396118e-01,-5.416639149188995361e-02,3.381375968456268311e-01,1.309618204832077026e-01,2.684105634689331055e-01,2.396061271429061890e-01,1.045058816671371460e-01,-2.295585274696350098e-01
7.022104263305664062e-01,1.000000000000000000e+00,4.782326221466064453e-01,5.504056215286254883e-01,2.476489990949630737e-01,4.724245071411132812e-01,4.400642514228820801e-01,3.038571476936340332e-01,-3.016149252653121948e-02,4.790591299533843994e-01,4.072945117950439453e-01,4.693464934825897217e-01,4.833870232105255127e-01,5.067781209945678711e-01,2.813911139965057373e-01,2.805168032646179199e-01,5.840403437614440918e-01,6.040205359458923340e-01,5.944545269012451172e-01,6.763932108879089355e-01,1.588821858167648315e-01,1.219890788197517395e-01,3.780752122402191162e-01,4.306713044643402100e-01,2.698364257812500000e-01,2.756491601467132568e-01,2.216356992721557617e-01,3.083031475543975830e-01,4.902638792991638184e-01,1.579091399908065796e-01,1.415377259254455566e-01,-8.413722738623619080e-03,4.116887450218200684e-01,5.511585474014282227e-01,2.304080128669738770e-01,3.896545767784118652e-01,2.883121669292449951e-01,-8.677966147661209106e-02,-1.794319748878479004e-01,1.931753158569335938e-01,3.747187554836273193e-01,3.942731022834777832e-01,2.639642357826232910e-01,5.282997488975524902e-01,3.154534399509429932e-01,1.814621388912200928e-01,4.756155908107757568e-01,4.287668764591217041e-01,2.336109280586242676e-01,1.203403323888778687e-01,2.993617057800292969e-01,7.021708786487579346e-02,3.570051491260528564e-01,4.415883421897888184e-01,3.700248301029205322e-01,6.059905290603637695e-01,7.358487248420715332e-01,7.585112452507019043e-01,3.641563057899475098e-01,3.169378340244293213e-01,3.418174386024475098e-01,1.854418963193893433e-01,6.198779940605163574e-01,6.636252403259277344e-01,1.190223321318626404e-01,1.587159484624862671e-01,2.986556589603424072e-01,2.026628851890563965e-01,5.535751581192016602e-01,4.321529269218444824e-01,4.394547045230865479e-01,3.289252519607543945e-01,4.035661220550537109e-01,4.365915358066558838e-01,1.645438224077224731e-01,1.819775998592376709e-01,2.876412868499755859e-01,2.553266286849975586e-01,6.107853651046752930e-01,4.493325054645538330e-01,6.039776802062988281e-01,6.334587931632995605e-01,4.531263411045074463e-01,-6.037025526165962219e-02,5.730080008506774902e-01,4.863709211349487305e-01,1.208402737975120544e-01,-1.670274585485458374e-01,5.014180541038513184e-01,3.715869486331939697e-01,2.153331935405731201e-01,4.398075342178344727e-01,3.196396827697753906e-01,3.497589528560638428e-01,1.512665152549743652e-01,-3.247138857841491699e-02,3.821391984820365906e-02,5.675675272941589355e-01,5.588544011116027832e-01,6.134388446807861328e-01,5.567883849143981934e-01,1.022917702794075012e-01,3.095178008079528809e-01,3.777348995208740234e-02,-3.196927607059478760e-01,-3.323084861040115356e-02,-8.027088642120361328e-02,2.133209109306335449e-01,2.064601480960845947e-01,-1.758052036166191101e-02,3.876969814300537109e-01,3.121619522571563721e-01,2.445731014013290405e-01,2.150845527648925781e-01,1.044416949152946472e-01,-1.507956534624099731e-01
6.527349948883056641e-01,4.782326221466064453e-01,1.000000000000000000e+00,5.223519206047058105e-01,-1.066221073269844055e-01,2.572094798088073730e-01,6.925112009048461914e-01,9.205865114927291870e-02,-3.008556663990020752e-01,1.728110909461975098e-01,6.393111348152160645e-01,6.687978655099868774e-02,6.391708254814147949e-01,4.764047265052795410e-01,4.598745405673980713e-01,3.389076888561248779e-01,1.911931931972503662e-01,2.176018953323364258e-01,5.448641180992126465e-01,3.660826683044433594e-01,3.603355884552001953e-01,1.772556602954864502e-01,7.490389943122863770e-01,5.379042625427246094e-01,4.660907089710235596e-01,5.275692939758300781e-01,3.603966236114501953e-01,3.951272666454315186e-01,1.195963919162750244e-01,-6.774190813302993774e-02,4.118443727493286133e-01,2.324551641941070557e-01,5.435481071472167969e-01,5.044476985931396484e-01,3.858968317508697510e-01,3.561218380928039551e-01,3.265376389026641846e-01,-7.281503826379776001e-02,-3.055248782038688660e-02,5.659352242946624756e-02,3.097953796386718750e-01,1.489830017089843750e-01,2.762212157249450684e-01,4.006353020668029785e-01,3.741977810859680176e-01,2.247993201017379761e-01,3.152757883071899414e-01,2.692661583423614502e-01,3.717639446258544922e-01,-7.717883586883544922e-02,5.524273514747619629e-01,1.225298196077346802e-01,4.790240526199340820e-01,4.213798344135284424e-01,2.783906757831573486e-01,4.766728281974792480e-01,4.284651279449462891e-01,3.609834015369415283e-01,4.333915412425994873e-01,3.711270913481712341e-02,2.989561557769775391e-01,1.481635570526123047e-01,3.531869053840637207e-01,3.670597076416015625e-01,6.272850036621093750e-01,3.592084646224975586e-01,4.486053287982940674e-01,2.550792396068572998e-01,5.029421448707580566e-01,3.048156201839447021e-01,6.198533177375793457e-01,2.994053363800048828e-01,2.920272350311279297e-01,1.881394535303115845e-01,3.312521278858184814e-01,1.554462965577840805e-02,3.988117277622222900e-01,8.715076744556427002e-02,2.332771271467208862e-01,2.202829271554946899e-01,2.300870120525360107e-01,3.678888976573944092e-01,5.534411668777465820e-01,-2.839616835117340088e-01,7.335450649261474609e-01,3.787794709205627441e-01,2.155371606349945068e-01,-2.990708053112030029e-01,5.621961951255798340e-01,3.103560209274291992e-01,1.567768603563308716e-01,5.492379069328308105e-01,3.890014588832855225e-01,5.158894658088684082e-01,2.785649299621582031e-01,-5.192454904317855835e-02,3.027951121330261230e-01,4.008009433746337891e-01,2.729011476039886475e-01,5.267038345336914062e-01,4.735522270202636719e-01,2.226959764957427979e-01,3.615288138389587402e-01,1.116872876882553101e-01,-2.584585845470428467e-01,2.161224931478500366e-01,9.181085973978042603e-02,2.126018851995468140e-01,3.153905868530273438e-01,-3.016917221248149872e-02,3.664726316928863525e-01,2.428731322288513184e-01,2.582500874996185303e-01,2.375855147838592529e-01,3.747330009937286377e-01,3.604475408792495728e-02
3.869045972824096680e-01,5.504056215286254883e-01,5.223519206047058105e-01,1.000000000000000000e+00,2.000672817230224609e-01,3.337986469268798828e-01,5.438144803047180176e-01,6.196314692497253418e-01,3.741892799735069275e-02,3.222321569919586182e-01,1.895437985658645630e-01,4.376445114612579346e-01,2.493727952241897583e-01,4.900369644165039062e-01,2.672170102596282959e-01,1.570239365100860596e-01,2.335549443960189819e-01,1.991823762655258179e-01,5.697855949401855469e-01,4.947404265403747559e-01,4.238624572753906250e-01,1.534698605537414551e-01,5.247351527214050293e-01,6.659786701202392578e-01,3.113360404968261719e-01,5.319334268569946289e-01,8.557146787643432617e-02,1.793894022703170776e-01,2.751942276954650879e-01,-6.637150049209594727e-02,3.811588287353515625e-01,3.385155200958251953e-01,5.976497530937194824e-01,6.869565844535827637e-01,5.797936320304870605e-01,6.560393571853637695e-01,3.595188558101654053e-01,-1.253149360418319702e-01,1.018409505486488342e-01,3.156846761703491211e-02,3.837176859378814697e-01,1.267500668764114380e-01,3.774555027484893799e-01,5.441300868988037109e-01,3.379299044609069824e-01,4.794750511646270752e-01,4.592111110687255859e-01,5.105906724929809570e-01,1.468207389116287231e-01,1.470502614974975586e-01,5.043388009071350098e-01,2.525458633899688721e-01,4.912231862545013428e-01,3.871872425079345703e-01,4.647328257560729980e-01,6.216778159141540527e-01,4.099769294261932373e-01,3.180848062038421631e-01,3.928597867488861084e-01,3.260912001132965088e-01,3.524870872497558594e-01,4.910404980182647705e-01,2.703218460083007812e-01,4.934448301792144775e-01,3.630893528461456299e-01,5.523338317871093750e-01,6.032343506813049316e-01,6.233399510383605957e-01,4.973401725292205811e-01,2.595407068729400635e-01,4.796892106533050537e-01,4.383290708065032959e-01,2.542290389537811279e-01,1.380287855863571167e-01,-4.647569730877876282e-02,-8.949615061283111572e-02,2.483299523591995239e-01,1.816426962614059448e-01,3.607520461082458496e-01,1.726836860179901123e-01,2.825184762477874756e-01,2.566812336444854736e-01,4.531498551368713379e-01,-1.889634728431701660e-01,5.391572117805480957e-01,4.002596735954284668e-01,2.415527105331420898e-01,-2.097404450178146362e-01,5.771216750144958496e-01,4.348446428775787354e-01,5.093544125556945801e-01,5.362772345542907715e-01,5.387752652168273926e-01,3.712483644485473633e-01,1.973004341125488281e-01,-1.790705621242523193e-01,2.848316729068756104e-01,3.810661733150482178e-01,6.040729880332946777e-01,5.406535267829895020e-01,2.400781959295272827e-01,4.766456782817840576e-02,2.981030046939849854e-01,-8.829121291637420654e-02,-3.083931803703308105e-01,7.805812638252973557e-04,5.277665331959724426e-02,6.039366871118545532e-02,3.137348890304565430e-01,-5.490609258413314819e-02,4.559172987937927246e-01,5.550759434700012207e-01,3.146485388278961182e-01,1.690391153097152710e-01,1.511133611202239990e-01,-1.307428330183029175e-01
-6.094408035278320312e-02,2.476489990949630737e-01,-1.066221073269844055e-01,2.000672817230224609e-01,1.000000000000000000e+00,3.622013628482818604e-01,4.196019470691680908e-02,2.216728478670120239e-01,6.883814334869384766e-01,3.253993988037109375e-01,-1.392676681280136108e-02,3.658747971057891846e-01,1.008293926715850830e-01,7.598055154085159302e-02,3.258174359798431396e-01,-5.461943149566650391e-02,1.411580741405487061e-01,1.215588524937629700e-01,1.616864949464797974e-01,2.472524642944335938e-01,-6.848002970218658447e-02,-9.781499207019805908e-02,2.146432362496852875e-02,1.482956111431121826e-01,5.417826119810342789e-03,-1.622719317674636841e-01,-5.297648161649703979e-02,9.438612312078475952e-02,4.346729815006256104e-01,1.528206318616867065e-01,-9.591443091630935669e-02,-1.148812621831893921e-01,-3.027568012475967407e-02,1.144405156373977661e-01,1.841808408498764038e-01,1.843738704919815063e-01,2.007370442152023315e-01,-2.457283735275268555e-01,1.404629945755004883e-01,-1.282003819942474365e-01,2.726207971572875977e-01,-1.068422645330429077e-01,1.764778941869735718e-01,3.965057432651519775e-01,-7.160478085279464722e-02,3.529185056686401367e-01,4.182979762554168701e-01,2.857111096382141113e-01,8.600278943777084351e-02,3.958952128887176514e-01,-1.155799180269241333e-01,3.011745214462280273e-01,-1.364016532897949219e-01,5.523392464965581894e-03,1.390717923641204834e-01,2.035238146781921387e-01,6.918823719024658203e-02,8.759330958127975464e-02,3.437317907810211182e-02,2.537420094013214111e-01,1.689375191926956177e-02,4.485677927732467651e-02,1.429391056299209595e-01,2.346739619970321655e-01,-4.399233439471572638e-04,-3.445786237716674805e-02,1.320043057203292847e-01,1.549933105707168579e-01,-5.093754082918167114e-02,-2.270518392324447632e-01,-1.703243702650070190e-02,1.633307337760925293e-01,3.276442885398864746e-01,2.530972063541412354e-01,-4.567025229334831238e-02,2.493339329957962036e-01,-2.307267487049102783e-01,3.801045566797256470e-02,1.107636317610740662e-01,3.716892376542091370e-02,5.850118771195411682e-02,-4.851395636796951294e-02,2.467246502637863159e-01,-8.419913798570632935e-02,-4.734722152352333069e-02,-1.140478551387786865e-01,1.972395032644271851e-01,-1.122743710875511169e-01,8.719623833894729614e-02,1.394153200089931488e-02,1.063585206866264343e-01,-1.458687335252761841e-02,1.354723982512950897e-02,-1.947030872106552124e-01,-7.341215014457702637e-02,-8.285257965326309204e-02,1.475142035633325577e-02,2.004544138908386230e-01,3.929179012775421143e-01,1.293153911828994751e-01,-9.886629134416580200e-02,-3.615491688251495361e-01,4.406453296542167664e-02,-2.612710893154144287e-01,1.239847298711538315e-02,-1.625093221664428711e-01,-1.573501378297805786e-01,4.357836674898862839e-03,-1.082931738346815109e-02,-1.178897023200988770e-01,1.345687508583068848e-01,2.714811563491821289e-01,-6.297959946095943451e-03,7.103913929313421249e-03,9.450425207614898682e-02,5.868400260806083679e-02
3.701177537441253662e-01,4.724245071411132812e-01,2.572094798088073730e-01,3.337986469268798828e-01,3.622013628482818604e-01,1.000000000000000000e+00,2.738723158836364746e-01,1.009744480252265930e-01,2.164299339056015015e-01,4.325391352176666260e-01,3.226405382156372070e-01,2.402096688747406006e-01,2.845868468284606934e-01,2.456765174865722656e-01,3.052896261215209961e-01,1.586717814207077026e-01,3.159468770027160645e-01,2.209765315055847168e-01,2.375040203332901001e-01,2.972473502159118652e-01,2.545637488365173340e-01,2.715797908604145050e-02,2.389639019966125488e-01,4.079180359840393066e-01,7.631641626358032227e-02,2.921617329120635986e-01,1.672099530696868896e-01,3.663161098957061768e-01,3.715702295303344727e-01,4.428177326917648315e-02,-1.227235347032546997e-01,-2.278426885604858398e-01,1.419322937726974487e-01,2.213720977306365967e-01,3.385967016220092773e-01,3.737376928329467773e-01,3.977219760417938232e-01,6.751560419797897339e-02,9.566917270421981812e-02,2.340741753578186035e-01,4.278605282306671143e-01,1.913007944822311401e-01,1.145397424697875977e-01,5.072761774063110352e-01,3.787630200386047363e-01,4.489122033119201660e-01,2.860546410083770752e-01,3.869893848896026611e-01,3.390859365463256836e-01,3.241240680217742920e-01,3.611004650592803955e-01,2.159910053014755249e-01,1.489360630512237549e-01,2.040770053863525391e-01,2.453768253326416016e-01,4.061173498630523682e-01,3.342774510383605957e-01,2.832797765731811523e-01,1.476293504238128662e-01,1.272400915622711182e-01,1.334511041641235352e-01,1.595904380083084106e-01,2.144400179386138916e-01,1.948931366205215454e-01,1.759822219610214233e-01,2.478327602148056030e-01,3.077429234981536865e-01,3.040683567523956299e-01,3.730281293392181396e-01,2.529752552509307861e-01,2.876966595649719238e-01,2.044027298688888550e-01,3.882213234901428223e-01,3.858526349067687988e-01,1.391230970621109009e-01,1.933375447988510132e-01,5.232264474034309387e-02,1.082460358738899231e-01,3.327929675579071045e-01,1.811820268630981445e-01,2.778991460800170898e-01,1.966468244791030884e-01,2.989373505115509033e-01,-7.993528991937637329e-02,3.234301805496215820e-01,1.818637549877166748e-01,3.283717632293701172e-01,-2.110780626535415649e-01,3.359898626804351807e-01,2.203240245580673218e-01,4.665497690439224243e-02,1.364115327596664429e-01,1.285937428474426270e-01,1.515578478574752808e-01,1.372525095939636230e-01,1.132370531558990479e-01,1.482727974653244019e-01,3.099943697452545166e-01,2.287299633026123047e-01,1.951963007450103760e-01,2.141749560832977295e-01,-1.034811139106750488e-01,1.333628743886947632e-01,-1.270497292280197144e-01,5.011993646621704102e-02,-1.447743475437164307e-01,-6.937824934720993042e-02,-7.122947275638580322e-02,1.570647358894348145e-01,4.952432215213775635e-02,2.361197322607040405e-01,1.194375231862068176e-01,-1.819047033786773682e-01,-3.063095919787883759e-02,7.300970703363418579e-02,-4.584185034036636353e-02
6.207305192947387695e-01,4.400642514228820801e-01,6.925112009048461914e-01,5.438144803047180176e-01,4.196019470691680908e-02,2.738723158836364746e-01,1.000000000000000000e+00,4.218486547470092773e-01,-4.630475118756294250e-02,3.614847064018249512e-01,4.747323691844940186e-01,2.523868680000305176e-01,5.328158736228942871e-01,4.187674522399902344e-01,2.583953738212585449e-01,1.926628202199935913e-01,1.755851805210113525e-01,1.553442031145095825e-01,4.169265329837799072e-01,2.621442377567291260e-01,3.670560419559478760e-01,1.187409535050392151e-01,5.380514264106750488e-01,4.507734179496765137e-01,3.643973767757415771e-01,4.691351056098937988e-01,1.499597281217575073e-01,1.896724402904510498e-01,1.796259433031082153e-01,-1.121218204498291016e-01,3.033282160758972168e-01,2.016450613737106323e-01,4.594077765941619873e-01,4.340260922908782959e-01,4.874306321144104004e-01,4.616462886333465576e-01,2.801203429698944092e-01,1.513571105897426605e-02,-1.440029125660657883e-02,1.662412732839584351e-01,2.894806861877441406e-01,2.023154646158218384e-01,2.931567728519439697e-01,3.992259800434112549e-01,2.316561639308929443e-01,2.847416996955871582e-01,3.445396125316619873e-01,3.339439928531646729e-01,1.934107989072799683e-01,6.998011469841003418e-02,5.359244942665100098e-01,1.671909987926483154e-01,5.563439130783081055e-01,2.922949492931365967e-01,4.666431546211242676e-01,5.176838040351867676e-01,3.853808045387268066e-01,3.693784475326538086e-01,6.044687032699584961e-01,3.140107691287994385e-01,5.925153493881225586e-01,3.962477743625640869e-01,2.971614897251129150e-01,3.886044025421142578e-01,3.580854237079620361e-01,4.328072369098663330e-01,4.865421950817108154e-01,3.916515111923217773e-01,4.217021465301513672e-01,2.710155546665191650e-01,4.551450312137603760e-01,2.132374793291091919e-01,2.147177904844284058e-01,1.493938714265823364e-01,1.816645562648773193e-01,-8.660835772752761841e-02,2.929345071315765381e-01,1.090768128633499146e-01,2.159911096096038818e-01,1.889870911836624146e-01,2.565519511699676514e-01,2.479280084371566772e-01,2.664680182933807373e-01,-8.170404285192489624e-02,4.802246987819671631e-01,3.430924713611602783e-01,7.155766338109970093e-02,-1.360082179307937622e-01,5.685577988624572754e-01,5.373151898384094238e-01,3.158413171768188477e-01,4.965161383152008057e-01,3.436184823513031006e-01,3.563016951084136963e-01,7.312276214361190796e-02,-1.010475829243659973e-01,1.508126854896545410e-01,4.034862220287322998e-01,3.449548482894897461e-01,4.916814863681793213e-01,3.041327893733978271e-01,-1.317066885530948639e-02,1.829904466867446899e-01,4.847779870033264160e-02,-3.690974414348602295e-01,4.511085525155067444e-02,-5.830678343772888184e-02,1.032670810818672180e-01,1.684273630380630493e-01,-1.550873368978500366e-01,3.737961649894714355e-01,3.455145061016082764e-01,3.295695185661315918e-01,8.638499677181243896e-02,1.053662970662117004e-01,-2.443439513444900513e-01
1.273513436317443848e-01,3.038571476936340332e-01,9.205865114927291870e-02,6.196314692497253418e-01,2.216728478670120239e-01,1.009744480252265930e-01,4.218486547470092773e-01,1.000000000000000000e+00,1.603617966175079346e-01,3.027890920639038086e-01,-1.330627202987670898e-01,6.197398900985717773e-01,5.499346647411584854e-03,2.869364917278289795e-01,-4.617643356323242188e-02,-2.114199474453926086e-02,7.757311314344406128e-02,1.825544238090515137e-02,3.608692884445190430e-01,3.028582334518432617e-01,2.665984630584716797e-01,-4.222612828016281128e-02,1.272527873516082764e-01,2.304721474647521973e-01,1.206476241350173950e-01,1.510789394378662109e-01,-8.369798958301544189e-02,-1.762745231389999390e-01,2.377488166093826294e-01,1.197739988565444946e-01,2.054042518138885498e-01,2.583813965320587158e-01,3.974282741546630859e-01,4.869008660316467285e-01,4.096569120883941650e-01,4.568065702915191650e-01,7.420600950717926025e-02,-1.449539065361022949e-01,1.084913164377212524e-01,5.105632543563842773e-02,1.547331959009170532e-01,1.244797706604003906e-01,1.845583915710449219e-01,2.130086570978164673e-01,-3.209558129310607910e-02,3.545376956462860107e-01,2.940586507320404053e-01,3.091850876808166504e-01,-3.545887768268585205e-02,2.572501897811889648e-01,1.693688184022903442e-01,3.171966969966888428e-01,3.923018574714660645e-01,1.976608484983444214e-01,4.424241185188293457e-01,3.884725868701934814e-01,1.640254557132720947e-01,2.032729536294937134e-01,4.528140425682067871e-01,5.438874363899230957e-01,5.532180070877075195e-01,5.192035436630249023e-01,1.057604551315307617e-01,3.800049424171447754e-01,-8.905839920043945312e-02,2.108330577611923218e-01,3.562170267105102539e-01,4.338012933731079102e-01,2.140352427959442139e-01,1.025762856006622314e-01,1.513397693634033203e-01,2.774229645729064941e-01,1.284679118543863297e-02,6.357914209365844727e-02,-1.981184631586074829e-01,-2.104265391826629639e-01,4.126629605889320374e-02,2.025156319141387939e-01,2.210096269845962524e-01,3.471204265952110291e-02,1.787321865558624268e-01,-4.907989874482154846e-02,1.114189401268959045e-01,3.616773709654808044e-02,7.927809655666351318e-02,8.821418136358261108e-02,3.262781538069248199e-03,-7.623696699738502502e-03,4.179027080535888672e-01,3.134329915046691895e-01,5.031847357749938965e-01,2.378324419260025024e-01,3.409697413444519043e-01,6.944564729928970337e-02,4.453320056200027466e-02,-1.807170808315277100e-01,9.935538470745086670e-02,2.272639572620391846e-01,5.117838382720947266e-01,2.752101421356201172e-01,3.143827989697456360e-02,-6.037293747067451477e-02,2.568892203271389008e-02,-1.020691022276878357e-01,-2.623268365859985352e-01,-2.000331506133079529e-02,-4.092993214726448059e-03,-1.117605417966842651e-01,1.546311825513839722e-01,-8.265206962823867798e-02,2.861536145210266113e-01,5.178061127662658691e-01,3.876474797725677490e-01,1.688305586576461792e-01,-8.833383768796920776e-02,-1.972233802080154419e-01
-1.872965544462203979e-01,-3.016149252653121948e-02,-3.008556663990020752e-01,3.741892799735069275e-02,6.883814334869384766e-01,2.164299339056015015e-01,-4.630475118756294250e-02,1.603617966175079346e-01,1.000000000000000000e+00,2.934926748275756836e-01,-2.907746657729148865e-02,3.691031038761138916e-01,3.028703108429908752e-02,5.850559100508689880e-02,2.874443829059600830e-01,-1.624671816825866699e-01,-1.177343800663948059e-01,-1.108719781041145325e-01,-2.824088744819164276e-02,2.456839382648468018e-02,-1.955069452524185181e-01,-1.884576976299285889e-01,-7.804809510707855225e-02,8.281597495079040527e-02,-2.717856466770172119e-01,-1.932221353054046631e-01,-3.580943048000335693e-01,-8.376872539520263672e-02,1.881067305803298950e-01,4.487268999218940735e-02,-1.567454338073730469e-01,-1.146212890744209290e-01,-1.653382182121276855e-01,-6.656666845083236694e-02,2.195774465799331665e-01,1.511946171522140503e-01,5.208748579025268555e-02,-1.755977571010589600e-01,1.241250783205032349e-01,-2.057932466268539429e-01,1.114770174026489258e-01,-3.424161076545715332e-01,2.081612348556518555e-01,2.959219217300415039e-01,1.827120594680309296e-02,3.984639346599578857e-01,3.145500421524047852e-01,1.969708055257797241e-01,2.183469980955123901e-01,3.886084258556365967e-01,-6.826560199260711670e-02,2.368528544902801514e-01,-1.761452257633209229e-01,-1.731117814779281616e-01,8.534201979637145996e-02,3.679617121815681458e-02,-1.403121203184127808e-01,-1.505722552537918091e-01,-4.000987485051155090e-02,2.042933404445648193e-01,2.720721624791622162e-02,1.447046399116516113e-01,-1.335664540529251099e-01,3.257053717970848083e-02,-6.137508898973464966e-03,2.467198297381401062e-02,1.505022794008255005e-01,1.888236254453659058e-01,-2.046037912368774414e-01,-3.069620728492736816e-01,-1.414009034633636475e-01,5.696275457739830017e-02,8.515073359012603760e-02,-1.609970070421695709e-02,-1.357444524765014648e-01,2.486334182322025299e-02,-2.924535870552062988e-01,-4.493572935461997986e-02,-1.788361817598342896e-01,-1.520274728536605835e-01,-1.791907548904418945e-01,-2.123686969280242920e-01,7.888195104897022247e-03,-1.119475625455379486e-02,-2.357099205255508423e-01,-1.850932985544204712e-01,8.249216713011264801e-03,-1.381716597825288773e-02,-1.013324782252311707e-01,-8.997714519500732422e-02,1.082915738224983215e-01,-1.830669194459915161e-01,-9.068693965673446655e-02,-3.276875913143157959e-01,-7.678528130054473877e-02,-1.297513842582702637e-01,-3.447787091135978699e-02,-1.715522632002830505e-02,1.695912182331085205e-01,-1.258532255887985229e-01,-2.590827941894531250e-01,-4.578142166137695312e-01,-5.412640050053596497e-02,-3.185900449752807617e-01,1.771391332149505615e-01,-2.424847036600112915e-01,-1.672980040311813354e-01,-1.920925378799438477e-01,1.647792942821979523e-02,-6.885094195604324341e-02,1.235969290137290955e-01,1.960739195346832275e-01,-7.112396508455276489e-02,-2.598227262496948242e-01,-1.730684340000152588e-01,1.008161455392837524e-01
4.319380521774291992e-01,4.790591299533843994e-01,1.728110909461975098e-01,3.222321569919586182e-01,3.253993988037109375e-01,4.325391352176666260e-01,3.614847064018249512e-01,3.027890920639038086e-01,2.934926748275756836e-01,1.000000000000000000e+00,4.821981489658355713e-01,4.662081003189086914e-01,4.379613101482391357e-01,5.353060960769653320e-01,2.717635929584503174e-01,5.063412189483642578e-01,1.883357763290405273e-01,2.224839776754379272e-01,2.414854168891906738e-01,2.592802643775939941e-01,-1.485333889722824097e-01,1.147502735257148743e-01,3.285624980926513672e-01,2.763991355895996094e-01,6.802001595497131348e-02,1.271130591630935669e-01,7.630280405282974243e-02,2.877493500709533691e-01,1.717022657394409180e-01,-8.577742427587509155e-02,-2.482532262802124023e-01,-2.345453202724456787e-01,4.193337634205818176e-02,1.594025790691375732e-01,3.001172542572021484e-01,4.349181652069091797e-01,3.751180320978164673e-02,2.984360046684741974e-02,-2.558199763298034668e-01,4.901494383811950684e-01,1.218380853533744812e-01,3.336986601352691650e-01,3.813924789428710938e-01,5.204428434371948242e-01,1.420618146657943726e-01,3.612415492534637451e-01,5.175231695175170898e-01,4.347477555274963379e-01,3.326600193977355957e-01,2.186362147331237793e-01,2.379757463932037354e-01,2.630329728126525879e-01,2.057914584875106812e-01,5.415740236639976501e-02,4.005928933620452881e-01,3.887577950954437256e-01,3.133943080902099609e-01,3.288784623146057129e-01,3.646472394466400146e-01,3.794679045677185059e-01,3.732031881809234619e-01,3.380770683288574219e-01,6.346713006496429443e-02,2.397009134292602539e-01,1.549918502569198608e-01,2.463666796684265137e-01,3.312999308109283447e-01,3.424901366233825684e-01,2.250400781631469727e-01,1.837043315172195435e-01,2.114788591861724854e-01,2.000339925289154053e-01,-6.767823547124862671e-02,1.984994560480117798e-01,6.313415616750717163e-02,1.323869824409484863e-01,8.962225914001464844e-02,1.726053506135940552e-01,1.628864258527755737e-01,4.633602499961853027e-02,1.194887459278106689e-01,3.430352210998535156e-01,6.832396239042282104e-02,8.264324814081192017e-02,2.459430545568466187e-01,3.757755160331726074e-01,-8.846423774957656860e-02,5.615451186895370483e-02,2.616134583950042725e-01,3.519492149353027344e-01,3.113742768764495850e-01,3.501116335391998291e-01,2.697309553623199463e-01,2.508569657802581787e-01,5.372793599963188171e-02,4.171931371092796326e-02,4.508177191019058228e-02,3.126857876777648926e-01,4.057643413543701172e-01,2.658577859401702881e-01,2.590426504611968994e-01,4.963998496532440186e-02,2.607204020023345947e-01,1.161791309714317322e-01,-2.545320428907871246e-02,2.749723382294178009e-02,-7.194316387176513672e-02,9.481089562177658081e-02,2.406727075576782227e-01,-7.756475359201431274e-02,4.546151757240295410e-01,2.517376542091369629e-01,1.524629592895507812e-01,1.162735596299171448e-01,-5.418860167264938354e-02,-2.646184526383876801e-02
6.232394576072692871e-01,4.072945117950439453e-01,6.393111348152160645e-01,1.895437985658645630e-01,-1.392676681280136108e-02,3.226405382156372070e-01,4.747323691844940186e-01,-1.330627202987670898e-01,-2.907746657729148865e-02,4.821981489658355713e-01,1.000000000000000000e+00,1.518298834562301636e-01,8.063530325889587402e-01,5.871299505233764648e-01,5.923504829406738281e-01,5.847739577293395996e-01,1.593172550201416016e-01,2.259949296712875366e-01,3.807762265205383301e-01,2.779555022716522217e-01,-1.379793626256287098e-03,2.713192403316497803e-01,6.823191046714782715e-01,3.903799653053283691e-01,2.638895213603973389e-01,3.295741677284240723e-01,3.541646897792816162e-01,5.250098109245300293e-01,6.145001575350761414e-02,-8.775260299444198608e-02,9.475505352020263672e-02,-1.852674223482608795e-02,1.693545281887054443e-01,1.509808897972106934e-01,2.124512493610382080e-01,2.248291820287704468e-01,1.045931801199913025e-01,-3.969636186957359314e-02,-2.048346996307373047e-01,2.754130363464355469e-01,9.083533287048339844e-02,1.806570738554000854e-01,3.548114001750946045e-01,4.196839332580566406e-01,3.062303066253662109e-01,1.736489087343215942e-01,4.245362877845764160e-01,2.921414673328399658e-01,5.662569403648376465e-01,-1.279423534870147705e-01,3.609555661678314209e-01,6.933252513408660889e-02,2.589872181415557861e-01,1.682981848716735840e-01,1.938026547431945801e-01,2.806077897548675537e-01,3.256863951683044434e-01,2.617791295051574707e-01,2.697046101093292236e-01,-5.377362295985221863e-02,2.292770147323608398e-01,1.315178871154785156e-01,1.415284723043441772e-01,1.529234945774078369e-01,5.378885865211486816e-01,2.257722914218902588e-01,2.827150523662567139e-01,7.706907391548156738e-02,3.281204104423522949e-01,2.128444314002990723e-01,4.598127603530883789e-01,1.966243535280227661e-01,8.287493139505386353e-02,2.128248512744903564e-01,3.941151499748229980e-01,1.756487786769866943e-01,2.273306548595428467e-01,1.663094572722911835e-02,3.872726857662200928e-02,1.318859308958053589e-01,3.609687089920043945e-02,3.936345279216766357e-01,3.762418329715728760e-01,-1.394201815128326416e-01,5.338756442070007324e-01,3.002397119998931885e-01,4.597604274749755859e-02,-1.587905883789062500e-01,3.404789566993713379e-01,1.538473963737487793e-01,7.006175071001052856e-02,3.748120665550231934e-01,2.210607826709747314e-01,4.049568176269531250e-01,1.443084478378295898e-01,-7.350686937570571899e-02,7.627048343420028687e-02,2.639689743518829346e-01,1.887004226446151733e-01,3.148736953735351562e-01,3.638557493686676025e-01,1.258312016725540161e-01,3.276622891426086426e-01,6.229836866259574890e-02,-1.483560539782047272e-03,1.456641703844070435e-01,1.296680606901645660e-02,9.120639413595199585e-02,1.933144778013229370e-01,-1.478902995586395264e-01,3.361248970031738281e-01,5.322888121008872986e-02,1.752690672874450684e-01,1.708061993122100830e-01,1.827304661273956299e-01,1.395247876644134521e-01
2.371682226657867432e-01,4.693464934825897217e-01,6.687978655099868774e-02,4.376445114612579346e-01,3.658747971057891846e-01,2.402096688747406006e-01,2.523868680000305176e-01,6.197398900985717773e-01,3.691031038761138916e-01,4.662081003189086914e-01,1.518298834562301636e-01,1.000000000000000000e+00,2.860952913761138916e-01,5.940557122230529785e-01,2.694720923900604248e-01,2.265579402446746826e-01,1.279623806476593018e-01,2.053375691175460815e-01,4.825780987739562988e-01,4.808093011379241943e-01,5.266598239541053772e-02,-5.178965628147125244e-02,1.846894472837448120e-01,2.521768212318420410e-01,-1.490611881017684937e-01,-3.769828379154205322e-02,-2.094170153141021729e-01,-1.310882419347763062e-01,3.831491768360137939e-01,2.666859626770019531e-01,1.870006918907165527e-01,1.682575494050979614e-01,3.066513836383819580e-01,4.602008163928985596e-01,3.056683540344238281e-01,3.951613903045654297e-01,1.292173713445663452e-01,-1.404256373643875122e-01,-8.230677992105484009e-02,4.941951483488082886e-02,2.771204710006713867e-01,2.270206063985824585e-01,2.473893761634826660e-01,2.957446575164794922e-01,8.065269142389297485e-02,3.520705401897430420e-01,4.688026607036590576e-01,3.532788753509521484e-01,2.600381076335906982e-01,3.687204122543334961e-01,3.193670138716697693e-02,2.401836365461349487e-01,2.312970012426376343e-01,3.012405037879943848e-01,3.145726323127746582e-01,3.810484111309051514e-01,2.056178748607635498e-01,3.448741137981414795e-01,3.214850127696990967e-01,5.266333818435668945e-01,4.261560142040252686e-01,3.265505731105804443e-01,1.953925192356109619e-01,4.760321676731109619e-01,-1.053862273693084717e-01,-4.084869101643562317e-02,2.404013723134994507e-01,1.995925158262252808e-01,1.817864328622817993e-01,6.654696166515350342e-02,2.772368192672729492e-01,3.816459476947784424e-01,1.120298355817794800e-01,2.182683646678924561e-01,-2.429193630814552307e-02,2.182904444634914398e-02,3.132671117782592773e-02,1.234270334243774414e-01,2.029877901077270508e-01,9.941016882658004761e-02,2.076489329338073730e-01,2.901238203048706055e-01,2.565784752368927002e-01,1.874797604978084564e-02,8.682015538215637207e-02,2.361105531454086304e-01,-7.433536462485790253e-03,-5.235087126493453979e-02,2.822193205356597900e-01,1.928765326738357544e-01,4.182257056236267090e-01,2.032237797975540161e-01,2.746955156326293945e-01,3.760132566094398499e-02,2.233920842409133911e-01,-2.044798135757446289e-01,8.417125791311264038e-02,2.029732018709182739e-01,5.816299319267272949e-01,2.283112704753875732e-01,2.041540890932083130e-01,-1.302672028541564941e-01,1.779507100582122803e-01,-1.456746459007263184e-01,-1.307992935180664062e-01,5.227295681834220886e-02,9.614559262990951538e-02,-2.452546805143356323e-01,2.482313066720962524e-01,-4.159801825881004333e-02,2.661067843437194824e-01,3.658021986484527588e-01,2.529388070106506348e-01,1.857534199953079224e-01,-1.514535024762153625e-02,-2.202721312642097473e-02
6.325445175170898438e-01,4.833870232105255127e-01,6.391708254814147949e-01,2.493727952241897583e-01,1.008293926715850830e-01,2.845868468284606934e-01,5.328158736228942871e-01,5.499346647411584854e-03,3.028703108429908752e-02,4.379613101482391357e-01,8.063530325889587402e-01,2.860952913761138916e-01,1.000000000000000000e+00,6.827888488769531250e-01,6.749981641769409180e-01,5.082998871803283691e-01,1.482902020215988159e-01,2.293088436126708984e-01,4.623368382453918457e-01,3.470832705497741699e-01,1.187242269515991211e-01,2.476184368133544922e-01,7.216476202011108398e-01,4.198312163352966309e-01,3.401189148426055908e-01,3.644541501998901367e-01,3.584093451499938965e-01,5.046530365943908691e-01,1.714718937873840332e-01,-7.952288724482059479e-03,2.159875482320785522e-01,7.921040058135986328e-02,2.319540530443191528e-01,2.370419055223464966e-01,2.018429487943649292e-01,2.119476497173309326e-01,3.009994328022003174e-01,2.675729058682918549e-02,-6.793174147605895996e-02,1.515798270702362061e-01,3.024741411209106445e-01,2.498081922531127930e-01,4.391779005527496338e-01,4.417711496353149414e-01,3.323068618774414062e-01,1.926648765802383423e-01,4.750160872936248779e-01,3.619486987590789795e-01,5.676142573356628418e-01,-9.422238916158676147e-02,3.613289296627044678e-01,1.182129755616188049e-01,3.824509382247924805e-01,2.717202901840209961e-01,2.994414865970611572e-01,4.248903691768646240e-01,3.576809465885162354e-01,3.576323091983795166e-01,3.611155152320861816e-01,9.362456947565078735e-02,2.899600565433502197e-01,9.270484000444412231e-02,1.946378350257873535e-01,2.808553576469421387e-01,4.352314472198486328e-01,1.497512459754943848e-01,2.994533777236938477e-01,6.658855080604553223e-02,3.373598754405975342e-01,1.571221947669982910e-01,4.475546479225158691e-01,2.458126991987228394e-01,1.421233862638473511e-01,2.203642427921295166e-01,2.822309434413909912e-01,1.457994729280471802e-01,2.063889652490615845e-01,-7.361236959695816040e-02,7.710400968790054321e-02,1.220029070973396301e-01,1.079740673303604126e-01,4.297731816768646240e-01,4.714019298553466797e-01,-2.560875415802001953e-01,5.785036087036132812e-01,3.287158310413360596e-01,1.882097497582435608e-02,-2.526485025882720947e-01,4.388389289379119873e-01,2.527337074279785156e-01,1.761255264282226562e-01,5.024293661117553711e-01,3.130845725536346436e-01,4.428521990776062012e-01,1.063052862882614136e-01,-1.348186880350112915e-01,1.363505870103836060e-01,3.341757655143737793e-01,3.375303149223327637e-01,4.412662684917449951e-01,4.393059909343719482e-01,7.617841660976409912e-02,2.995592355728149414e-01,1.345473714172840118e-02,-6.054698303341865540e-02,1.509595662355422974e-01,8.288186043500900269e-02,6.303025782108306885e-02,1.070718541741371155e-01,-2.179363667964935303e-01,3.392214477062225342e-01,1.803034991025924683e-01,3.220245242118835449e-01,2.884680032730102539e-01,3.035036921501159668e-01,1.244562789797782898e-01
