1.000000000000000000e+00,6.581585407257080078e-01,4.433944821357727051e-01,3.332950472831726074e-01,2.752688527107238770e-01,2.496603578329086304e-01,3.999841511249542236e-01,1.240503713488578796e-01,1.189222186803817749e-01,-2.499784342944622040e-02,5.240974426269531250e-01,4.734810292720794678e-01,5.083537697792053223e-01,4.376005828380584717e-01,4.945682287216186523e-01,2.943505048751831055e-01,6.670320034027099609e-01,5.984301567077636719e-01,6.756827235221862793e-01,6.245006918907165527e-01,4.742792546749114990e-01,5.218016505241394043e-01,2.429006844758987427e-01,2.088649123907089233e-01,4.333088696002960205e-01,1.096303090453147888e-01,2.044469267129898071e-01,4.416301846504211426e-01,4.942655861377716064e-01,4.365572035312652588e-01,5.669420957565307617e-01,3.982474803924560547e-01,5.673447251319885254e-01,5.236606001853942871e-01,2.183911800384521484e-01,1.935912370681762695e-01,-9.277465194463729858e-02,-8.603634685277938843e-02,2.980001568794250488e-01,1.142493411898612976e-01,2.614007703959941864e-02,3.252769112586975098e-01,2.498147040605545044e-01,2.121736109256744385e-01,2.044585347175598145e-01,1.590724289417266846e-01,3.373147547245025635e-01,1.853311359882354736e-01,2.718054056167602539e-01,-2.222188562154769897e-01,3.410547375679016113e-01,3.355621397495269775e-01,3.369756042957305908e-01,3.019399940967559814e-01,4.368661940097808838e-01,4.078215062618255615e-01,7.311394810676574707e-01,6.338386535644531250e-01,4.757484197616577148e-01,1.584045588970184326e-01,6.151457428932189941e-01,-9.138442575931549072e-02,6.732711791992187500e-01,4.991436302661895752e-01,-6.834684312343597412e-02,-9.558275341987609863e-02,1.937436163425445557e-01,1.258937418460845947e-01,4.048092663288116455e-01,4.268425107002258301e-01,3.813768327236175537e-01,4.396590888500213623e-01,3.436608016490936279e-01,3.384887576103210449e-01,-2.821681201457977295e-01,-2.338641732931137085e-01,3.807023167610168457e-01,4.150483012199401855e-01,3.660365343093872070e-01,2.983170747756958008e-01,4.855487048625946045e-01,2.866833508014678955e-01,2.787070870399475098e-01,4.006381928920745850e-01,2.986841499805450439e-01,2.575156986713409424e-01,2.802371084690093994e-01,1.074844002723693848e-01,3.773305118083953857e-01,1.393173038959503174e-01,-3.143599256873130798e-02,1.525342743843793869e-02,-5.324934795498847961e-02,1.041243150830268860e-01,-4.385842382907867432e-02,2.355735376477241516e-02,2.393215894699096680e-01,3.427293002605438232e-01,3.948411941528320312e-01,3.113934993743896484e-01,2.558530867099761963e-01,2.989627234637737274e-02,2.216986268758773804e-01,2.478467524051666260e-01,-3.457019329071044922e-01,1.496059298515319824e-01,-1.579474508762359619e-01,-1.709492951631546021e-01,5.152967758476734161e-03,-6.358823738992214203e-03,2.437452524900436401e-01,1.032821461558341980e-01,1.817917567677795887e-03,3.173547387123107910e-01,-5.027860403060913086e-02,7.374116778373718262e-02
6.581585407257080078e-01,1.000000000000000000e+00,4.912547171115875244e-01,4.274724721908569336e-01,1.359567195177078247e-01,2.841987013816833496e-01,4.761202931404113770e-01,3.390147089958190918e-01,1.835053116083145142e-01,4.263653233647346497e-02,4.020245969295501709e-01,4.914846420288085938e-01,4.545560777187347412e-01,5.567441582679748535e-01,5.277607440948486328e-01,4.555656015872955322e-01,7.074877619743347168e-01,7.509521245956420898e-01,7.211387157440185547e-01,8.290302753448486328e-01,3.718715906143188477e-01,4.265483617782592773e-01,4.748370945453643799e-01,3.877472281455993652e-01,3.986768126487731934e-01,-4.990108311176300049e-03,1.948879212141036987e-01,3.994151949882507324e-01,4.283659756183624268e-01,4.120328426361083984e-01,5.534188747406005859e-01,2.659816145896911621e-01,6.394424438476562500e-01,6.780802607536315918e-01,2.328837513923645020e-01,2.855409383773803711e-01,-1.380566209554672241e-01,-2.428357601165771484e-01,1.923592537641525269e-01,1.018241941928863525e-01,-3.574769571423530579e-02,2.278195917606353760e-01,2.784188687801361084e-01,2.453806698322296143e-01,1.312326043844223022e-01,3.429090082645416260e-01,4.678263068199157715e-01,3.203288912773132324e-01,3.801747560501098633e-01,-1.047976687550544739e-01,4.895462393760681152e-01,4.133689999580383301e-01,5.686883926391601562e-01,3.237382769584655762e-01,5.049936771392822266e-01,4.269803762435913086e-01,7.044525742530822754e-01,7.610342502593994141e-01,3.832545578479766846e-01,2.723175287246704102e-01,4.334033727645874023e-01,1.335915476083755493e-01,5.407529473304748535e-01,6.181992888450622559e-01,1.078844517469406128e-01,1.318074166774749756e-01,3.261280655860900879e-01,2.692237496376037598e-01,6.322598457336425781e-01,6.466045975685119629e-01,4.543567299842834473e-01,5.214533209800720215e-01,4.804526269435882568e-01,4.744852483272552490e-01,-1.562549024820327759e-01,8.180650882422924042e-03,2.296121269464492798e-01,3.507552444934844971e-01,5.651689767837524414e-01,3.581069111824035645e-01,5.509262084960937500e-01,3.845664858818054199e-01,3.709873557090759277e-01,3.898248076438903809e-01,4.159861803054809570e-01,3.808381557464599609e-01,1.696745902299880981e-01,-6.212759390473365784e-02,4.822199642658233643e-01,3.103017210960388184e-01,2.733397483825683594e-01,1.643241494894027710e-01,1.639107763767242432e-01,2.403647303581237793e-01,1.541507542133331299e-01,1.360459327697753906e-01,3.214133083820343018e-01,2.843152284622192383e-01,5.231376886367797852e-01,3.322554528713226318e-01,3.147635161876678467e-01,9.738852828741073608e-02,1.462607234716415405e-01,2.107926905155181885e-01,-3.002130985260009766e-01,8.398514986038208008e-02,-1.145207956433296204e-01,-2.757493257522583008e-01,9.293156117200851440e-02,1.670778393745422363e-01,2.230810523033142090e-01,2.064809948205947876e-01,1.059391796588897705e-01,2.577084600925445557e-01,7.076662033796310425e-03,4.520146548748016357e-02
4.433944821357727051e-01,4.912547171115875244e-01,1.000000000000000000e+00,5.337156057357788086e-01,2.485235780477523804e-01,3.072643876075744629e-01,6.578850150108337402e-01,7.448353618383407593e-02,2.886919379234313965e-01,6.864928873255848885e-04,2.374964207410812378e-01,2.874970063567161560e-02,3.433462083339691162e-01,2.454933226108551025e-01,5.261083245277404785e-01,3.030642569065093994e-01,3.796493411064147949e-01,4.544614255428314209e-01,4.261204302310943604e-01,3.337804675102233887e-01,4.316606521606445312e-01,4.394102096557617188e-01,6.797319650650024414e-01,6.495712399482727051e-01,3.804023861885070801e-01,2.500663995742797852e-01,1.660905033349990845e-01,4.621317684650421143e-01,3.927143812179565430e-01,2.411768734455108643e-01,6.624423265457153320e-01,5.155978798866271973e-01,6.779293417930603027e-01,6.302509903907775879e-01,5.380079746246337891e-01,5.557940006256103516e-01,4.207023233175277710e-02,-7.849429547786712646e-02,1.087194457650184631e-01,1.071601137518882751e-01,-1.417828202247619629e-01,3.081468679010868073e-02,3.651968538761138916e-01,3.651340901851654053e-01,4.631801247596740723e-01,2.853325605392456055e-01,3.676220178604125977e-01,2.197405695915222168e-01,3.572154045104980469e-01,1.384305860847234726e-02,5.061786174774169922e-01,2.370060086250305176e-01,2.899624705314636230e-01,2.600114047527313232e-01,2.973021864891052246e-01,3.928598463535308838e-01,4.370589852333068848e-01,5.127555131912231445e-01,4.652172029018402100e-01,9.929151833057403564e-02,4.445070326328277588e-01,5.815546587109565735e-02,5.422137975692749023e-01,3.550266623497009277e-01,4.770717620849609375e-01,4.482006430625915527e-01,5.355284810066223145e-01,4.621860980987548828e-01,4.494491517543792725e-01,4.088396131992340088e-01,4.073871076107025146e-01,3.939725756645202637e-01,3.410658240318298340e-01,3.239104747772216797e-01,-2.401538789272308350e-01,-1.633945405483245850e-01,2.954032421112060547e-01,3.739034533500671387e-01,3.558577299118041992e-01,3.710198998451232910e-01,3.933867216110229492e-01,4.399209916591644287e-01,1.870726943016052246e-01,3.444405794143676758e-01,5.419917702674865723e-01,5.063256025314331055e-01,1.195031106472015381e-01,3.929122984409332275e-01,3.339913785457611084e-01,3.789128959178924561e-01,3.122965060174465179e-02,9.691295772790908813e-02,1.005761884152889252e-02,2.814145982265472412e-01,-1.698204278945922852e-01,-2.718692719936370850e-01,6.300381571054458618e-02,1.028472324833273888e-03,4.905747994780540466e-02,9.170819073915481567e-02,1.350566744804382324e-01,1.852218955755233765e-01,-9.382144361734390259e-02,1.822459846735000610e-01,-1.762575060129165649e-01,1.713343709707260132e-01,-2.021708488464355469e-01,-1.316607594490051270e-01,-2.961703017354011536e-02,-5.904195830225944519e-02,1.171295270323753357e-01,-8.090878278017044067e-02,-2.257277220487594604e-01,3.842652216553688049e-02,2.450730353593826294e-01,2.643209099769592285e-01
3.332950472831726074e-01,4.274724721908569336e-01,5.337156057357788086e-01,1.000000000000000000e+00,3.331212699413299561e-01,3.707711398601531982e-01,5.871397256851196289e-01,5.721524357795715332e-01,3.527978360652923584e-01,3.445489108562469482e-01,2.251901328563690186e-01,2.598450183868408203e-01,2.298913598060607910e-01,2.677808105945587158e-01,3.939417600631713867e-01,6.178551912307739258e-01,4.370108842849731445e-01,2.749779224395751953e-01,3.334653675556182861e-01,3.903646767139434814e-01,1.705290973186492920e-01,3.741854727268218994e-01,4.400989413261413574e-01,5.556566715240478516e-01,-4.554149694740772247e-03,-7.945133838802576065e-04,3.943110704421997070e-01,2.958643734455108643e-01,5.164744853973388672e-01,4.290474355220794678e-01,5.310046672821044922e-01,4.212419390678405762e-01,5.022371411323547363e-01,5.753740072250366211e-01,1.712434291839599609e-01,4.454340338706970215e-01,-1.088703051209449768e-01,-5.001749843358993530e-02,3.027775138616561890e-02,3.464044630527496338e-01,-1.029868721961975098e-01,2.981020696461200714e-02,3.975829482078552246e-01,3.396903276443481445e-01,2.237785905599594116e-01,3.239747285842895508e-01,3.749132156372070312e-01,2.436088919639587402e-01,2.928915619850158691e-01,1.225478830747306347e-03,4.186849892139434814e-01,1.623342931270599365e-01,4.068773984909057617e-01,1.028085500001907349e-01,4.175828397274017334e-01,3.181888461112976074e-01,2.958310842514038086e-01,3.650256097316741943e-01,4.804911613464355469e-01,4.792383313179016113e-01,4.957684576511383057e-01,5.533391237258911133e-01,4.405051469802856445e-01,5.076552033424377441e-01,2.308028191328048706e-01,5.803169012069702148e-01,4.011961817741394043e-01,5.819712281227111816e-01,2.892095446586608887e-01,4.741665720939636230e-01,3.685432672500610352e-01,5.161127448081970215e-01,4.817182719707489014e-01,4.781136810779571533e-01,-1.977284252643585205e-01,6.649126112461090088e-02,2.065330445766448975e-01,5.626289844512939453e-01,5.193104147911071777e-01,3.339028954505920410e-01,3.596282303333282471e-01,3.387869000434875488e-01,1.542601585388183594e-01,1.527957618236541748e-01,2.959285676479339600e-01,5.270839929580688477e-01,-9.653060883283615112e-02,1.153201907873153687e-01,5.043003559112548828e-01,4.513426423072814941e-01,2.397058159112930298e-01,3.526571020483970642e-02,1.878652423620223999e-01,2.219256609678268433e-01,-1.891395896673202515e-01,-8.037179708480834961e-02,8.789425343275070190e-02,3.254497423768043518e-02,2.943913340568542480e-01,1.304385960102081299e-01,2.089985758066177368e-01,1.972505450248718262e-01,-4.998493567109107971e-02,1.361350715160369873e-01,-2.436297945678234100e-02,1.331489384174346924e-01,-9.830786287784576416e-02,-1.520165354013442993e-01,-1.193027421832084656e-01,-4.874775558710098267e-02,4.544834047555923462e-02,1.647340208292007446e-01,2.512036263942718506e-02,9.961467236280441284e-02,4.756441712379455566e-02,1.783059686422348022e-01
2.752688527107238770e-01,1.359567195177078247e-01,2.485235780477523804e-01,3.331212699413299561e-01,1.000000000000000000e+00,2.453963160514831543e-01,3.230919837951660156e-01,3.292083740234375000e-01,3.806811869144439697e-01,3.737734556198120117e-01,3.528349399566650391e-01,3.265101909637451172e-01,3.032922744750976562e-01,1.329468190670013428e-01,4.206035733222961426e-01,3.933920562267303467e-01,1.517626494169235229e-01,2.041471153497695923e-01,1.178704053163528442e-01,6.151884049177169800e-02,3.332943320274353027e-01,3.381389677524566650e-01,1.262942552566528320e-01,1.002175882458686829e-01,7.327380776405334473e-02,-1.689853817224502563e-01,6.004759073257446289e-01,3.355931639671325684e-01,3.979406654834747314e-01,2.594354152679443359e-01,2.928129434585571289e-01,2.827894091606140137e-01,3.057346045970916748e-01,2.917005419731140137e-01,9.412723034620285034e-02,2.888813912868499756e-01,2.933884225785732269e-02,3.996396902948617935e-03,3.271144628524780273e-01,1.981205344200134277e-01,1.086898446083068848e-01,-4.819663241505622864e-03,3.803965747356414795e-01,3.013039529323577881e-01,9.534548968076705933e-02,4.059960544109344482e-01,3.406919836997985840e-01,3.641892671585083008e-01,2.069468796253204346e-01,-7.694929838180541992e-02,2.853584587574005127e-01,9.863275289535522461e-02,4.050045907497406006e-01,1.120026856660842896e-01,4.860493242740631104e-01,4.045078158378601074e-01,6.400653719902038574e-02,1.644388437271118164e-01,3.638956546783447266e-01,3.749518394470214844e-01,4.282507002353668213e-01,2.422373443841934204e-01,2.624012529850006104e-01,1.921677589416503906e-01,9.580846875905990601e-02,1.371464580297470093e-01,1.195737197995185852e-01,2.525176405906677246e-01,3.955882857553660870e-04,8.734294772148132324e-02,2.832318246364593506e-01,3.258420825004577637e-01,2.714334726333618164e-01,3.779810369014739990e-01,-2.093180418014526367e-01,1.094546983949840069e-03,3.296333551406860352e-01,4.433985650539398193e-01,1.313850581645965576e-01,-8.556722104549407959e-02,1.550111919641494751e-01,1.301763355731964111e-01,2.859923839569091797e-01,2.312345206737518311e-01,2.660162746906280518e-01,2.692671120166778564e-01,2.700839638710021973e-01,2.672254145145416260e-01,5.507181882858276367e-01,4.210234880447387695e-01,9.778907150030136108e-02,-7.311422377824783325e-03,1.836384236812591553e-01,8.085675537586212158e-02,-2.291280478239059448e-01,-9.055726230144500732e-02,3.848573938012123108e-02,4.344174638390541077e-02,3.057799637317657471e-01,2.102063298225402832e-01,1.372072994709014893e-01,-2.880729362368583679e-02,3.662730455398559570e-01,1.334449350833892822e-01,1.575676724314689636e-03,2.993900775909423828e-01,1.181745678186416626e-01,-2.042067050933837891e-01,-1.862187981605529785e-01,-1.210658252239227295e-01,9.963382780551910400e-02,2.022132873535156250e-01,1.894643753767013550e-01,7.184666395187377930e-02,-4.072326421737670898e-02,-8.963706344366073608e-02
2.496603578329086304e-01,2.841987013816833496e-01,3.072643876075744629e-01,3.707711398601531982e-01,2.453963160514831543e-01,1.000000000000000000e+00,1.789854466915130615e-01,2.352726012468338013e-01,1.728648245334625244e-01,4.620865881443023682e-01,1.895457357168197632e-01,-3.493807511404156685e-03,2.227877825498580933e-01,1.929259747266769409e-01,4.058977365493774414e-01,3.545330762863159180e-01,2.629971802234649658e-01,2.018415778875350952e-01,1.802907735109329224e-01,2.321494072675704956e-01,1.362267509102821350e-02,8.665184676647186279e-02,3.421405851840972900e-01,5.292454361915588379e-01,3.155785799026489258e-01,3.293786048889160156e-01,1.137838661670684814e-01,5.629141330718994141e-01,1.650490760803222656e-01,1.320603638887405396e-01,1.259090155363082886e-01,2.204948663711547852e-02,1.970279961824417114e-01,2.329715341329574585e-01,1.743852049112319946e-01,1.833017766475677490e-01,2.683013975620269775e-01,7.836125046014785767e-02,2.954687774181365967e-01,2.613672018051147461e-01,-6.914706528186798096e-02,8.456478267908096313e-02,1.781076490879058838e-01,1.923230886459350586e-01,3.002839684486389160e-01,2.139889448881149292e-01,2.824903428554534912e-01,1.425465047359466553e-01,2.335150390863418579e-01,1.319341659545898438e-01,3.907288610935211182e-01,3.781144917011260986e-01,2.725181877613067627e-01,2.529676556587219238e-01,3.514522016048431396e-01,3.449089229106903076e-01,3.169600963592529297e-01,2.918173074722290039e-01,2.490411996841430664e-01,9.826216846704483032e-02,8.129271864891052246e-02,2.041544020175933838e-01,1.661096066236495972e-01,8.044867217540740967e-02,3.325717449188232422e-01,3.778221905231475830e-01,2.023324668407440186e-01,1.021772846579551697e-01,4.022368788719177246e-01,2.938093841075897217e-01,2.672387957572937012e-01,2.236632555723190308e-01,1.869850754737854004e-01,1.203122064471244812e-01,-2.086420208215713501e-01,9.000477939844131470e-02,6.718449294567108154e-02,1.880049407482147217e-01,2.817160487174987793e-01,1.188418865203857422e-01,2.570394575595855713e-01,1.143942400813102722e-01,3.458030521869659424e-01,2.787239849567413330e-01,4.167616367340087891e-01,3.645241260528564453e-01,1.700239926576614380e-01,2.692284286022186279e-01,4.193309843540191650e-01,2.942891716957092285e-01,-1.188174486160278320e-01,8.859182149171829224e-02,-1.364441961050033569e-02,2.396060228347778320e-01,-1.159978955984115601e-01,1.124280095100402832e-01,1.387021839618682861e-01,1.159493625164031982e-01,1.589816361665725708e-01,1.365135237574577332e-02,-1.234740689396858215e-01,2.966918284073472023e-03,7.857117801904678345e-02,1.128540188074111938e-01,-1.240980699658393860e-01,2.234638482332229614e-01,-1.658202707767486572e-01,-3.335587382316589355e-01,-2.297131121158599854e-01,1.373441666364669800e-01,2.487360686063766479e-01,-1.438886374235153198e-01,-2.062677294015884399e-01,2.263950183987617493e-02,3.934659957885742188e-01,1.792954802513122559e-01
3.999841511249542236e-01,4.761202931404113770e-01,6.578850150108337402e-01,5.871397256851196289e-01,3.230919837951660156e-01,1.789854466915130615e-01,1.000000000000000000e+00,4.724331498146057129e-01,5.880494713783264160e-01,2.433030009269714355e-01,5.700668692588806152e-01,3.402778208255767822e-01,5.865491032600402832e-01,2.770629525184631348e-01,6.136695742607116699e-01,4.954080879688262939e-01,4.643598496913909912e-01,3.646378219127655029e-01,4.503155648708343506e-01,3.957395553588867188e-01,4.377749264240264893e-01,4.100446701049804688e-01,5.039654970169067383e-01,3.515642285346984863e-01,1.948292702436447144e-01,-1.769925951957702637e-01,2.611295580863952637e-01,3.058136403560638428e-01,6.085180640220642090e-01,4.279393851757049561e-01,6.110651493072509766e-01,4.446047246456146240e-01,5.958185791969299316e-01,6.111451983451843262e-01,1.764705926179885864e-01,3.374440968036651611e-01,-2.160585373640060425e-01,-2.686416506767272949e-01,5.929416511207818985e-03,2.104287594556808472e-01,-2.026072144508361816e-01,-2.619833312928676605e-02,3.495922982692718506e-01,3.219043910503387451e-01,2.298578172922134399e-01,2.496731728315353394e-01,4.155831634998321533e-01,2.381191998720169067e-01,3.950679600238800049e-01,5.920936167240142822e-02,4.155914485454559326e-01,2.425627559423446655e-01,4.184263050556182861e-01,2.296126633882522583e-01,4.856811761856079102e-01,4.767674505710601807e-01,3.436097502708435059e-01,4.023914337158203125e-01,5.345340371131896973e-01,3.953569233417510986e-01,6.247406005859375000e-01,4.091842174530029297e-01,5.746787190437316895e-01,5.543236136436462402e-01,2.206219136714935303e-01,3.496034443378448486e-01,3.260124921798706055e-01,4.157934486865997314e-01,2.769441306591033936e-01,3.735055029392242432e-01,4.432691335678100586e-01,4.397601485252380371e-01,5.330762267112731934e-01,5.511189699172973633e-01,-1.241313591599464417e-01,-2.781353890895843506e-02,2.826684713363647461e-01,4.859680235385894775e-01,4.809448421001434326e-01,3.033255040645599365e-01,4.132633805274963379e-01,2.712666392326354980e-01,2.291570156812667847e-01,9.851458668708801270e-02,4.333818852901458740e-01,4.107813835144042969e-01,1.146377995610237122e-01,9.936957806348800659e-02,4.900655448436737061e-01,4.663507938385009766e-01,2.345154285430908203e-01,-2.476335316896438599e-02,8.442779630422592163e-02,3.550275564193725586e-01,-1.906299442052841187e-01,-2.981869876384735107e-01,1.328313201665878296e-01,4.011553153395652771e-02,2.225086539983749390e-01,2.215642929077148438e-01,3.189189136028289795e-01,2.832060158252716064e-01,-7.666701823472976685e-02,-2.633914910256862640e-02,-2.235938161611557007e-01,-2.043958520516753197e-03,-1.430230885744094849e-01,-1.196261569857597351e-01,1.376548781991004944e-02,-1.319849491119384766e-01,2.624655142426490784e-02,2.992465719580650330e-02,1.915962994098663330e-02,7.996097207069396973e-02,-1.273594200611114502e-01,8.677330613136291504e-02
1.240503713488578796e-01,3.390147089958190918e-01,7.448353618383407593e-02,5.721524357795715332e-01,3.292083740234375000e-01,2.352726012468338013e-01,4.724331498146057129e-01,1.000000000000000000e+00,4.730919599533081055e-01,6.487516164779663086e-01,3.740780353546142578e-01,5.582795143127441406e-01,2.550217807292938232e-01,3.471098244190216064e-01,3.035331368446350098e-01,6.113283634185791016e-01,3.347900211811065674e-01,1.014078110456466675e-01,3.019732534885406494e-01,4.109588265419006348e-01,1.274164468050003052e-01,1.618117988109588623e-01,1.306670159101486206e-01,7.634992152452468872e-02,-9.664886444807052612e-02,-4.163656234741210938e-01,3.519859015941619873e-01,4.200051352381706238e-02,3.928955197334289551e-01,4.057609736919403076e-01,2.015824019908905029e-01,8.808000385761260986e-02,2.524111866950988770e-01,3.535021841526031494e-01,-9.242961555719375610e-02,1.127738207578659058e-01,-2.767407298088073730e-01,-1.808974444866180420e-01,-1.754098758101463318e-02,2.487128525972366333e-01,-1.820832937955856323e-01,-8.092366158962249756e-02,2.654162645339965820e-01,2.367326915264129639e-01,-4.831227660179138184e-02,3.738037645816802979e-01,3.491300940513610840e-01,3.095107674598693848e-01,2.748230695724487305e-01,8.046011626720428467e-02,2.700197398662567139e-01,2.548235952854156494e-01,5.402098894119262695e-01,1.575504541397094727e-01,4.522618055343627930e-01,3.108376264572143555e-01,1.029317304491996765e-01,1.839620769023895264e-01,3.739098608493804932e-01,6.609590053558349609e-01,4.058791697025299072e-01,7.427558302879333496e-01,2.323956787586212158e-01,4.977263808250427246e-01,2.894389443099498749e-02,2.711704969406127930e-01,1.214660033583641052e-01,3.196772933006286621e-01,2.220965921878814697e-01,3.767531812191009521e-01,3.170315921306610107e-01,4.209881424903869629e-01,4.416133761405944824e-01,4.946252107620239258e-01,-5.826906114816665649e-02,2.424031794071197510e-01,1.129678934812545776e-01,4.241578578948974609e-01,4.540268182754516602e-01,4.007264971733093262e-02,2.688259184360504150e-01,-4.176971688866615295e-02,9.179580211639404297e-02,-1.455834507942199707e-01,1.507924944162368774e-01,2.218475639820098877e-01,-1.198213547468185425e-01,-2.120217084884643555e-01,5.076376795768737793e-01,5.016362071037292480e-01,3.934704661369323730e-01,8.896379172801971436e-02,3.059243559837341309e-01,2.364904880523681641e-01,-5.453138425946235657e-02,1.589632481336593628e-01,2.016987949609756470e-01,1.606428921222686768e-01,4.247916340827941895e-01,2.838769853115081787e-01,3.518297672271728516e-01,7.889195531606674194e-02,1.024654805660247803e-01,-6.708160042762756348e-02,8.924134075641632080e-02,1.287816613912582397e-01,1.106513589620590210e-01,-1.098120436072349548e-01,-6.884124875068664551e-02,1.267219185829162598e-01,4.708431288599967957e-02,2.680148184299468994e-01,3.251500129699707031e-01,1.162624359130859375e-01,-9.660729765892028809e-02,-1.291308850049972534e-01
1.189222186803817749e-01,1.835053116083145142e-01,2.886919379234313965e-01,3.527978360652923584e-01,3.806811869144439697e-01,1.728648245334625244e-01,5.880494713783264160e-01,4.730919599533081055e-01,1.000000000000000000e+00,3.901334702968597412e-01,4.732409715652465820e-01,3.273668289184570312e-01,5.345674753189086914e-01,1.224707290530204773e-01,5.520700812339782715e-01,3.553653657436370850e-01,9.688270092010498047e-02,1.128981858491897583e-01,5.002982169389724731e-02,1.165919527411460876e-01,3.724754750728607178e-01,2.821907103061676025e-01,3.474628329277038574e-01,1.942370831966400146e-01,1.557358801364898682e-01,-1.635418236255645752e-01,3.153189122676849365e-01,2.242897152900695801e-01,3.386095166206359863e-01,1.911587268114089966e-01,2.761216759681701660e-01,1.907480657100677490e-01,2.228216379880905151e-01,2.714292705059051514e-01,9.431398659944534302e-02,1.723549664020538330e-01,2.489813789725303650e-02,-7.765307556837797165e-03,7.913959771394729614e-02,4.129061698913574219e-01,-1.497267186641693115e-01,-2.270400151610374451e-02,2.097121775150299072e-01,2.126517444849014282e-01,7.760324329137802124e-02,1.524622440338134766e-01,3.377895951271057129e-01,1.217607036232948303e-01,3.609436154365539551e-01,2.307312041521072388e-01,4.662729501724243164e-01,2.897617518901824951e-01,3.235593438148498535e-01,5.171764269471168518e-02,4.629447162151336670e-01,4.364526867866516113e-01,6.423569470643997192e-02,2.017685621976852417e-01,4.686396420001983643e-01,4.621761739253997803e-01,4.873675405979156494e-01,4.672119021415710449e-01,2.710638940334320068e-01,2.538388073444366455e-01,1.773983985185623169e-01,2.267863154411315918e-01,1.362182646989822388e-01,2.321308255195617676e-01,1.518679112195968628e-01,2.222637981176376343e-01,1.934984475374221802e-01,2.802038490772247314e-01,3.721885085105895996e-01,4.256450533866882324e-01,-2.069694995880126953e-01,1.248393058776855469e-01,-6.273439619690179825e-03,1.566022038459777832e-01,2.577862739562988281e-01,1.496412903070449829e-01,1.107920035719871521e-01,1.381924841552972794e-02,-1.223620120435953140e-02,-4.797326400876045227e-02,2.868301272392272949e-01,2.036291509866714478e-01,-3.927433118224143982e-02,6.753256916999816895e-02,3.576435446739196777e-01,3.475049436092376709e-01,-2.116627991199493408e-03,-1.590014398097991943e-01,-1.213461533188819885e-01,1.083546951413154602e-01,-3.933002054691314697e-02,-7.620336860418319702e-02,5.756318569183349609e-02,5.393488332629203796e-02,4.874132946133613586e-02,5.459950771182775497e-04,2.393452674150466919e-01,-1.659478060901165009e-03,-9.528119117021560669e-02,-2.675304114818572998e-01,-1.434061080217361450e-01,4.565859586000442505e-02,-1.587927788496017456e-01,-2.092699408531188965e-01,-3.407774493098258972e-02,-1.290417043492197990e-03,-1.214533895254135132e-01,-2.218704521656036377e-01,-6.650763005018234253e-02,3.585543110966682434e-02,-1.645357534289360046e-02,-1.176321879029273987e-01
-2.499784342944622040e-02,4.263653233647346497e-02,6.864928873255848885e-04,3.445489108562469482e-01,3.737734556198120117e-01,4.620865881443023682e-01,2.433030009269714355e-01,6.487516164779663086e-01,3.901334702968597412e-01,1.000000000000000000e+00,2.439571022987365723e-01,2.055395245552062988e-01,1.699847877025604248e-01,2.361847907304763794e-01,2.022194564342498779e-01,5.258133411407470703e-01,1.321543008089065552e-01,-7.008408010005950928e-02,-2.767135389149188995e-02,7.863882929086685181e-02,5.896193534135818481e-02,5.541606619954109192e-02,1.616606861352920532e-02,6.962258368730545044e-02,-1.393904164433479309e-02,-2.117666900157928467e-01,2.555173635482788086e-01,2.193128690123558044e-02,2.194221019744873047e-01,2.076435089111328125e-01,-7.505644112825393677e-02,-8.102006465196609497e-02,5.193662270903587341e-02,1.104465425014495850e-01,-6.209980696439743042e-02,1.140927150845527649e-01,-2.490949071943759918e-02,1.408866140991449356e-02,1.359935849905014038e-01,2.810544073581695557e-01,-1.234741508960723877e-01,-1.090407818555831909e-01,2.037785947322845459e-01,1.870646178722381592e-01,1.031663715839385986e-01,2.731850147247314453e-01,2.330784499645233154e-01,1.886318176984786987e-01,1.261029839515686035e-01,1.496349126100540161e-01,1.491735577583312988e-01,1.914195865392684937e-01,2.132085859775543213e-01,1.372496932744979858e-01,3.779222071170806885e-01,2.176897078752517700e-01,-1.609073020517826080e-02,-8.529239147901535034e-02,2.125841230154037476e-01,3.550363779067993164e-01,1.795452982187271118e-01,5.103796720504760742e-01,4.459046199917793274e-02,6.547243148088455200e-02,1.820597797632217407e-01,2.821151018142700195e-01,5.751854926347732544e-02,1.918811202049255371e-01,1.935750842094421387e-01,1.722680777311325073e-01,2.138305306434631348e-01,2.419743090867996216e-01,2.450220435857772827e-01,2.802616655826568604e-01,-1.073168218135833740e-01,1.740822792053222656e-01,1.171455979347229004e-01,3.074414134025573730e-01,2.179281711578369141e-01,-5.078255385160446167e-02,1.063512116670608521e-01,-2.203123420476913452e-01,8.029482513666152954e-02,-1.175875142216682434e-01,2.315240055322647095e-01,9.533546119928359985e-02,-8.775150403380393982e-03,-3.863095119595527649e-02,4.076375067234039307e-01,2.556343078613281250e-01,4.850453138351440430e-02,1.149011217057704926e-02,1.674088090658187866e-01,1.963093280792236328e-01,-5.618706718087196350e-02,1.512964814901351929e-01,1.567878276109695435e-01,4.532274976372718811e-02,1.618338823318481445e-01,9.188333526253700256e-03,-9.328819811344146729e-03,-4.081372171640396118e-03,1.292232275009155273e-01,-1.517462730407714844e-01,1.888866126537322998e-01,1.641085147857666016e-01,1.225627809762954712e-01,-2.157232463359832764e-01,-5.826859548687934875e-02,1.057433560490608215e-01,9.796954691410064697e-02,-1.127709262073040009e-02,9.664113074541091919e-02,-4.141553491353988647e-02,1.730164289474487305e-01,3.429099172353744507e-02
5.240974426269531250e-01,4.020245969295501709e-01,2.374964207410812378e-01,2.251901328563690186e-01,3.528349399566650391e-01,1.895457357168197632e-01,5.700668692588806152e-01,3.740780353546142578e-01,4.732409715652465820e-01,2.439571022987365723e-01,1.000000000000000000e+00,5.524322390556335449e-01,8.161736726760864258e-01,4.160042703151702881e-01,6.768702864646911621e-01,3.709124624729156494e-01,4.241479337215423584e-01,2.555898725986480713e-01,4.580542445182800293e-01,3.986649215221405029e-01,5.278208255767822266e-01,4.323613047599792480e-01,2.352263927459716797e-01,7.126916665583848953e-03,1.994047015905380249e-01,-3.215703666210174561e-01,2.284427285194396973e-01,3.388205766677856445e-01,5.652493238449096680e-01,3.696095049381256104e-01,4.120106697082519531e-01,2.994479537010192871e-01,3.103238046169281006e-01,3.152317702770233154e-01,-2.420833706855773926e-02,6.120783090591430664e-02,-1.778628379106521606e-01,-2.833168804645538330e-01,2.593978345394134521e-01,1.518694311380386353e-01,-1.180814802646636963e-01,-5.090975016355514526e-02,1.581318676471710205e-01,5.701382085680961609e-02,4.814331233501434326e-02,-2.956638298928737640e-02,3.630284070968627930e-01,1.330269724130630493e-01,2.500098645687103271e-01,-7.944730669260025024e-02,3.182194232940673828e-01,2.371930778026580811e-01,3.669787943363189697e-01,9.633374214172363281e-02,5.951169729232788086e-01,3.553107678890228271e-01,2.302356660366058350e-01,2.828502953052520752e-01,3.400498926639556885e-01,2.406787127256393433e-01,5.026460289955139160e-01,1.412873268127441406e-01,4.055440723896026611e-01,3.699586093425750732e-01,-1.836048662662506104e-01,-1.121271848678588867e-01,-8.082320541143417358e-02,-3.551640361547470093e-02,2.225413620471954346e-01,2.286503165960311890e-01,5.062030553817749023e-01,4.672719836235046387e-01,4.358856976032257080e-01,4.225815236568450928e-01,-2.032503485679626465e-01,-1.029624789953231812e-01,4.234474301338195801e-01,4.199451208114624023e-01,3.111211359500885010e-01,9.671825170516967773e-02,4.236648380756378174e-01,1.071272492408752441e-01,2.548168003559112549e-01,1.006341204047203064e-01,3.605962097644805908e-01,1.926822811365127563e-01,2.546131610870361328e-01,6.097680702805519104e-02,4.326356649398803711e-01,2.353858947753906250e-01,8.305454999208450317e-02,-7.575869560241699219e-02,5.673235282301902771e-02,1.642727255821228027e-01,-9.486750513315200806e-02,-6.588437408208847046e-02,2.050098478794097900e-01,2.260101884603500366e-01,2.573012411594390869e-01,1.273264139890670776e-01,2.929608821868896484e-01,1.581633239984512329e-01,2.093749940395355225e-01,4.620654508471488953e-03,-2.612933516502380371e-01,9.376017749309539795e-02,-4.997521266341209412e-02,-3.193674981594085693e-01,-1.423258148133754730e-02,6.509011983871459961e-02,2.197305858135223389e-01,8.596656844019889832e-03,1.351975947618484497e-01,2.620337903499603271e-01,-1.551988720893859863e-01,-7.813016325235366821e-02
4.734810292720794678e-01,4.914846420288085938e-01,2.874970063567161560e-02,2.598450183868408203e-01,3.265101909637451172e-01,-3.493807511404156685e-03,3.402778208255767822e-01,5.582795143127441406e-01,3.273668289184570312e-01,2.055395245552062988e-01,5.524322390556335449e-01,1.000000000000000000e+00,4.524615108966827393e-01,3.814130425453186035e-01,3.970689475536346436e-01,4.892136752605438232e-01,3.929941058158874512e-01,2.760572433471679688e-01,4.564422369003295898e-01,5.282480716705322266e-01,4.020773470401763916e-01,3.368615210056304932e-01,-1.718469709157943726e-02,-1.378874331712722778e-01,-3.491027280688285828e-02,-3.543227612972259521e-01,3.442707955837249756e-01,1.051000282168388367e-01,5.371748805046081543e-01,5.485361218452453613e-01,3.822639584541320801e-01,2.689415216445922852e-01,2.565132975578308105e-01,3.561525046825408936e-01,-2.438671737909317017e-01,-7.605770975351333618e-02,-2.614320814609527588e-01,-2.460135072469711304e-01,1.931336224079132080e-01,1.544208228588104248e-01,-1.441530138254165649e-02,1.519710291177034378e-03,3.029108643531799316e-01,3.062555193901062012e-01,-1.700253486633300781e-01,2.122852802276611328e-01,4.193860590457916260e-01,2.414019554853439331e-01,2.007788270711898804e-01,-1.921249739825725555e-02,1.818380653858184814e-01,1.959187984466552734e-01,4.887169897556304932e-01,3.668354451656341553e-02,5.232397317886352539e-01,3.247777819633483887e-01,2.314390093088150024e-01,3.817214369773864746e-01,4.020411074161529541e-01,5.379679203033447266e-01,5.798084139823913574e-01,3.468713462352752686e-01,3.465180099010467529e-01,5.739451050758361816e-01,-3.969355225563049316e-01,-2.548946440219879150e-01,-1.335230618715286255e-01,2.287419326603412628e-02,1.815642118453979492e-01,3.139303326606750488e-01,3.704193234443664551e-01,5.097112655639648438e-01,4.810267686843872070e-01,5.625456571578979492e-01,-4.185223579406738281e-02,1.083409562706947327e-01,2.082785665988922119e-01,3.973151147365570068e-01,3.575662970542907715e-01,4.343460127711296082e-02,2.698192596435546875e-01,-3.925587981939315796e-02,1.559245735406875610e-01,-4.093020781874656677e-02,-6.213919445872306824e-02,-2.524641901254653931e-02,1.202552765607833862e-01,-2.662413120269775391e-01,4.397348761558532715e-01,2.055638134479522705e-01,2.690482735633850098e-01,-1.422885805368423462e-01,5.281353369355201721e-02,-6.539314240217208862e-02,6.691370159387588501e-02,1.160308420658111572e-01,8.597268164157867432e-02,2.677887380123138428e-01,4.587232768535614014e-01,2.962450981140136719e-01,3.897722661495208740e-01,-3.689042106270790100e-02,2.201200574636459351e-01,6.508144736289978027e-02,-1.425157189369201660e-01,1.471405029296875000e-01,9.334323555231094360e-02,-1.688119471073150635e-01,6.408420950174331665e-02,1.622757762670516968e-01,2.687846682965755463e-02,2.589972317218780518e-01,3.418311476707458496e-01,2.891784012317657471e-01,-2.286735028028488159e-01,-6.840322166681289673e-02
5.083537697792053223e-01,4.545560777187347412e-01,3.433462083339691162e-01,2.298913598060607910e-01,3.032922744750976562e-01,2.227877825498580933e-01,5.865491032600402832e-01,2.550217807292938232e-01,5.345674753189086914e-01,1.699847877025604248e-01,8.161736726760864258e-01,4.524615108966827393e-01,1.000000000000000000e+00,4.233248233795166016e-01,7.767277359962463379e-01,3.749492168426513672e-01,4.236067533493041992e-01,3.385354578495025635e-01,3.881262540817260742e-01,4.070062339305877686e-01,5.771796107292175293e-01,4.593544900417327881e-01,3.519027531147003174e-01,1.830885857343673706e-01,3.039070069789886475e-01,-1.348279118537902832e-01,1.832553744316101074e-01,3.874349892139434814e-01,5.828386545181274414e-01,3.576326370239257812e-01,5.236835479736328125e-01,3.503885865211486816e-01,4.436653554439544678e-01,4.469904303550720215e-01,1.078635230660438538e-01,1.259995102882385254e-01,-4.161199554800987244e-02,-2.024211585521697998e-01,2.672575414180755615e-01,2.953441739082336426e-01,-8.527357131242752075e-02,8.331850171089172363e-02,1.716898083686828613e-01,1.001655831933021545e-01,1.003594249486923218e-01,-3.258021548390388489e-02,3.406407237052917480e-01,3.194136545062065125e-02,3.645236194133758545e-01,9.342258423566818237e-02,4.552104771137237549e-01,3.890696167945861816e-01,3.710663020610809326e-01,5.383642390370368958e-02,5.967444181442260742e-01,4.105278253555297852e-01,2.762002348899841309e-01,3.247492611408233643e-01,4.294141829013824463e-01,1.746800988912582397e-01,5.063046216964721680e-01,5.178405717015266418e-02,4.397822022438049316e-01,3.920210003852844238e-01,-8.811739832162857056e-02,-3.632986918091773987e-02,4.418814554810523987e-02,7.770115137100219727e-02,3.034912943840026855e-01,3.270065784454345703e-01,4.462619423866271973e-01,4.208818376064300537e-01,4.584222435951232910e-01,4.268308281898498535e-01,-2.716371715068817139e-01,-1.473696827888488770e-01,3.056905269622802734e-01,3.229102194309234619e-01,3.472263813018798828e-01,2.063342332839965820e-01,4.307623207569122314e-01,1.405321061611175537e-01,2.142359763383865356e-01,1.195106133818626404e-01,4.041717946529388428e-01,1.867067962884902954e-01,1.972418725490570068e-01,1.203492432832717896e-01,4.138727188110351562e-01,1.379570364952087402e-01,-8.810369670391082764e-02,-2.378255128860473633e-01,-1.091165617108345032e-01,1.980756409466266632e-02,-5.323396995663642883e-02,-7.705407589673995972e-02,1.787072718143463135e-01,2.340981960296630859e-01,1.218378096818923950e-01,-4.435743764042854309e-02,2.254060357809066772e-01,-8.565695956349372864e-03,8.029253780841827393e-02,-1.447867155075073242e-01,-3.232994973659515381e-01,6.216078624129295349e-02,-1.771596372127532959e-01,-4.164760410785675049e-01,6.160081829875707626e-03,6.252913177013397217e-02,1.124366298317909241e-01,-1.430690735578536987e-01,-1.852205954492092133e-02,2.492428272962570190e-01,-8.500397205352783203e-02,4.104943946003913879e-02
