1.000000000000000000e+00,6.446632742881774902e-01,5.117835998535156250e-01,5.334107279777526855e-01,3.010353147983551025e-01,2.515287101268768311e-01,6.130241155624389648e-01,4.520424306392669678e-01,1.759916990995407104e-01,3.236910998821258545e-01,4.301341474056243896e-01,5.665857791900634766e-01,6.391549110412597656e-01,5.237043499946594238e-01,4.771754741668701172e-01,3.328019082546234131e-01,3.335553407669067383e-01,4.580411314964294434e-01,6.877387762069702148e-01,7.515993118286132812e-01,7.067510485649108887e-02,2.894020378589630127e-01,3.513060808181762695e-01,3.589247167110443115e-01,1.762171387672424316e-01,2.543963789939880371e-01,4.772493615746498108e-02,1.247822120785713196e-01,5.600317716598510742e-01,3.740021884441375732e-01,4.230006039142608643e-01,4.152409434318542480e-01,6.348120570182800293e-01,6.407975554466247559e-01,3.060109913349151611e-01,1.867931932210922241e-01,3.058847486972808838e-01,-5.507737994194030762e-01,-1.876756548881530762e-01,-1.033352538943290710e-01,2.483767718076705933e-01,1.979734003543853760e-02,3.233706951141357422e-01,2.606211900711059570e-01,1.726504713296890259e-01,2.503797411918640137e-01,3.408595025539398193e-01,2.725558280944824219e-01,2.402908056974411011e-01,3.259444534778594971e-01,4.939983785152435303e-01,4.132502079010009766e-01,2.161366492509841919e-01,3.080951273441314697e-01,-7.476767152547836304e-02,1.877523958683013916e-01,6.476594805717468262e-01,5.731479525566101074e-01,5.179709792137145996e-01,4.479511976242065430e-01,5.836497545242309570e-01,4.125657081604003906e-01,4.560999274253845215e-01,5.288097262382507324e-01,2.604449093341827393e-01,3.033897578716278076e-01,3.062375485897064209e-01,3.066636621952056885e-01,5.828737020492553711e-01,5.884801745414733887e-01,3.565187156200408936e-01,3.664328753948211670e-01,4.750684499740600586e-01,4.048124551773071289e-01,-1.053033173084259033e-01,3.771381378173828125e-01,1.386707872152328491e-01,3.672639280557632446e-02,5.199844837188720703e-01,4.660393297672271729e-01,5.353122949600219727e-01,5.191068649291992188e-01,2.404175931587815285e-03,3.220274746417999268e-01,3.176118433475494385e-01,4.871809482574462891e-01,-1.442718692123889923e-02,2.625356018543243408e-01,1.626999229192733765e-01,2.352946847677230835e-01,-1.873462088406085968e-02,9.120256453752517700e-02,6.210378557443618774e-02,1.293533593416213989e-01,1.426461935043334961e-01,2.006537653505802155e-02,4.028955474495887756e-02,-2.565909642726182938e-03,2.136162817478179932e-01,1.227542385458946228e-01,2.663012444972991943e-01,7.680281996726989746e-02,3.381792902946472168e-01,1.363361328840255737e-01,-2.733944654464721680e-01,-1.700499653816223145e-01,7.855427265167236328e-02,7.271716743707656860e-02,-9.812973439693450928e-03,-3.686987459659576416e-01,7.667371630668640137e-02,1.033513098955154419e-01,-1.828196197748184204e-01,-7.615781575441360474e-02,1.600438058376312256e-01,-2.669624388217926025e-01
6.446632742881774902e-01,1.000000000000000000e+00,3.278355300426483154e-01,3.479358255863189697e-01,3.465423583984375000e-01,3.358791172504425049e-01,2.034379094839096069e-01,2.251725494861602783e-01,2.716114223003387451e-01,2.503111064434051514e-01,1.069185584783554077e-01,3.198245167732238770e-01,2.053486853837966919e-01,2.005683928728103638e-01,2.212302535772323608e-01,4.009661078453063965e-02,4.120413959026336670e-01,6.003742814064025879e-01,5.306324958801269531e-01,6.682649254798889160e-01,2.082667686045169830e-02,4.427820444107055664e-01,2.647201716899871826e-01,2.691876590251922607e-01,2.202114164829254150e-01,8.438196778297424316e-02,1.212116554379463196e-01,3.394552767276763916e-01,2.061760425567626953e-01,2.888223528861999512e-01,1.442361027002334595e-01,1.238642185926437378e-01,3.988257646560668945e-01,4.812320172786712646e-01,2.260191887617111206e-01,7.717555016279220581e-02,1.012300774455070496e-01,-2.328476309776306152e-01,8.245674520730972290e-02,5.482488125562667847e-02,3.138725161552429199e-01,2.478839904069900513e-01,2.850807011127471924e-01,1.121287271380424500e-01,1.261163055896759033e-01,2.110360711812973022e-01,2.518875896930694580e-01,3.200347125530242920e-01,1.745802909135818481e-01,2.425728142261505127e-01,3.849639296531677246e-01,3.758174777030944824e-01,4.721983671188354492e-01,3.086124360561370850e-01,2.415919303894042969e-01,2.755385041236877441e-01,7.337905764579772949e-01,8.419842123985290527e-01,3.407153487205505371e-01,4.940312802791595459e-01,2.812311053276062012e-01,2.819547653198242188e-01,1.405847668647766113e-01,3.035356104373931885e-01,8.097662031650543213e-02,2.592384815216064453e-01,2.432715594768524170e-01,2.741507887840270996e-01,6.015873551368713379e-01,6.586191058158874512e-01,5.181897059082984924e-02,-5.136151239275932312e-02,6.967038661241531372e-02,1.192371025681495667e-01,-1.977001130580902100e-01,2.135705947875976562e-01,-1.500249952077865601e-01,-2.245767265558242798e-01,4.945127367973327637e-01,5.290550589561462402e-01,4.537098705768585205e-01,4.916640818119049072e-01,-8.380202949047088623e-02,-3.259408054873347282e-03,2.911708354949951172e-01,1.678287386894226074e-01,-9.666844457387924194e-02,-1.050776466727256775e-01,2.610183954238891602e-01,-2.264447975903749466e-04,1.050105243921279907e-01,2.839086204767227173e-02,5.979806184768676758e-02,1.337421499192714691e-02,4.989670962095260620e-02,5.355779081583023071e-02,1.321766972541809082e-01,2.421410679817199707e-01,3.457332253456115723e-01,2.013100385665893555e-01,1.781495660543441772e-01,9.095523506402969360e-02,1.073764935135841370e-01,1.794080436229705811e-01,-1.489706933498382568e-01,-8.452727645635604858e-02,1.763852126896381378e-02,2.100320905447006226e-01,2.627243474125862122e-02,-7.232715934514999390e-02,5.217517539858818054e-02,-1.227559987455606461e-02,-3.573085665702819824e-01,-1.975084245204925537e-01,-2.324183881282806396e-01,-1.887924373149871826e-01
5.117835998535156250e-01,3.278355300426483154e-01,1.000000000000000000e+00,7.669546008110046387e-01,4.702588319778442383e-01,2.422119677066802979e-01,6.642371416091918945e-01,6.597285270690917969e-01,2.820753455162048340e-01,5.055927038192749023e-01,2.341966480016708374e-01,4.171596169471740723e-01,5.075138211250305176e-01,4.349449574947357178e-01,4.413829147815704346e-01,2.492974102497100830e-01,-6.919974833726882935e-02,5.171575769782066345e-02,6.371455788612365723e-01,5.378773212432861328e-01,3.960587978363037109e-01,4.242757558822631836e-01,8.186454176902770996e-01,6.971778273582458496e-01,3.754533231258392334e-01,5.454456210136413574e-01,1.634056568145751953e-01,3.245147764682769775e-01,9.919377416372299194e-02,-3.681131079792976379e-02,3.794397115707397461e-01,2.214895039796829224e-01,5.245468616485595703e-01,4.274722039699554443e-01,5.027192234992980957e-01,4.049103260040283203e-01,5.526120662689208984e-01,-3.206690847873687744e-01,-6.483013182878494263e-02,-2.199555486440658569e-01,3.951121270656585693e-01,4.246985074132680893e-03,5.423031449317932129e-01,1.756065487861633301e-01,1.862648427486419678e-01,2.821867763996124268e-01,3.109313249588012695e-01,2.870777845382690430e-01,2.094759196043014526e-01,3.348873555660247803e-01,4.237573444843292236e-01,5.273339748382568359e-01,4.372054636478424072e-01,5.325138568878173828e-01,-1.053419522941112518e-02,1.301617026329040527e-01,2.371798902750015259e-01,1.944562792778015137e-01,6.353480815887451172e-01,5.238447189331054688e-01,4.397650957107543945e-01,4.037250280380249023e-01,1.358727663755416870e-01,2.510017454624176025e-01,4.979780614376068115e-01,4.995554983615875244e-01,6.565596461296081543e-01,5.562692880630493164e-01,3.670208454132080078e-01,3.164122998714447021e-01,2.899552881717681885e-01,2.597113549709320068e-01,1.545486748218536377e-01,5.559039860963821411e-02,-4.090823233127593994e-02,1.294756531715393066e-01,3.465365469455718994e-01,4.585317894816398621e-02,4.642399773001670837e-02,4.624863713979721069e-02,1.641431897878646851e-01,2.177944481372833252e-01,5.223533883690834045e-02,2.335915155708789825e-02,5.128915905952453613e-01,1.705978214740753174e-01,-3.366431593894958496e-01,-1.912275515496730804e-02,4.196282327175140381e-01,-3.362591564655303955e-02,3.479255437850952148e-01,6.491173803806304932e-02,3.936628401279449463e-01,-3.975112456828355789e-03,9.547734260559082031e-02,2.272404432296752930e-01,6.932032853364944458e-02,6.684317439794540405e-02,2.709709405899047852e-01,4.034286737442016602e-01,4.721257090568542480e-01,1.149428337812423706e-01,3.761378824710845947e-01,2.762265205383300781e-01,-4.335482791066169739e-02,-2.152707241475582123e-02,-2.786331623792648315e-02,-7.831090688705444336e-02,-3.767564892768859863e-03,-2.620825171470642090e-01,2.868016362190246582e-01,4.037472307682037354e-01,-1.151136355474591255e-03,-3.402234613895416260e-01,7.616173475980758667e-02,-2.362771481275558472e-01
5.334107279777526855e-01,3.479358255863189697e-01,7.669546008110046387e-01,1.000000000000000000e+00,3.982659280300140381e-01,3.359788358211517334e-01,6.410461068153381348e-01,7.520159482955932617e-01,1.855790764093399048e-01,5.326293110847473145e-01,2.289500832557678223e-01,4.883689582347869873e-01,4.724665582180023193e-01,5.261360406875610352e-01,3.761973381042480469e-01,2.091074585914611816e-01,-1.189385131001472473e-01,5.811716616153717041e-02,6.601025462150573730e-01,6.469832658767700195e-01,3.154397308826446533e-01,3.758966326713562012e-01,7.071297764778137207e-01,7.313637733459472656e-01,3.309693038463592529e-01,5.286835432052612305e-01,1.286879479885101318e-01,2.724825143814086914e-01,7.637968659400939941e-02,-6.976698338985443115e-02,2.508059442043304443e-01,1.566567569971084595e-01,5.047665834426879883e-01,4.412617981433868408e-01,6.427800655364990234e-01,5.939022302627563477e-01,4.642846286296844482e-01,-3.837149739265441895e-01,-1.464036554098129272e-01,-3.191842436790466309e-01,2.601286768913269043e-01,-7.329253852367401123e-02,5.648655891418457031e-01,2.105387896299362183e-01,2.905696928501129150e-01,2.711034119129180908e-01,3.652267456054687500e-01,3.161030113697052002e-01,2.617177665233612061e-01,2.363699078559875488e-01,5.209721326828002930e-01,5.773234367370605469e-01,5.416511893272399902e-01,5.881721377372741699e-01,6.764387339353561401e-02,1.132406145334243774e-01,2.431351095438003540e-01,1.826631575822830200e-01,6.586059331893920898e-01,4.680399298667907715e-01,4.525237083435058594e-01,3.876906931400299072e-01,7.911526411771774292e-02,2.029585242271423340e-01,4.131891429424285889e-01,5.033999085426330566e-01,6.846752166748046875e-01,6.599019765853881836e-01,4.598430097103118896e-01,3.636775612831115723e-01,2.055979669094085693e-01,1.329266875982284546e-01,1.047843769192695618e-01,8.717036992311477661e-02,-1.697555333375930786e-01,2.152699083089828491e-01,2.544287145137786865e-01,8.877663314342498779e-02,5.057519301772117615e-02,-3.959513828158378601e-02,1.606824994087219238e-01,2.260191589593887329e-01,-6.473327428102493286e-02,7.113445550203323364e-02,4.893684089183807373e-01,1.736781746149063110e-01,-3.556947708129882812e-01,7.553678005933761597e-02,4.634820818901062012e-01,1.130207441747188568e-02,3.748672306537628174e-01,-8.284098654985427856e-02,3.129346072673797607e-01,-1.199091821908950806e-01,1.530469954013824463e-01,2.942844629287719727e-01,2.142451405525207520e-01,1.434680521488189697e-01,3.508264720439910889e-01,4.378978013992309570e-01,4.996091723442077637e-01,-1.053316146135330200e-02,3.192201256752014160e-01,7.150655239820480347e-02,-1.650221496820449829e-01,-1.732581704854965210e-01,-9.965421259403228760e-02,4.216634109616279602e-02,7.979781925678253174e-02,-1.836141943931579590e-01,4.424761533737182617e-01,4.638584852218627930e-01,-1.724951341748237610e-02,-3.974554240703582764e-01,5.556159093976020813e-02,-1.792638450860977173e-01
3.010353147983551025e-01,3.465423583984375000e-01,4.702588319778442383e-01,3.982659280300140381e-01,1.000000000000000000e+00,2.912998199462890625e-01,4.164550304412841797e-01,2.544957995414733887e-01,6.787410974502563477e-01,2.787544727325439453e-01,6.667788326740264893e-02,3.062230646610260010e-01,3.705547451972961426e-01,1.619132906198501587e-01,2.646402120590209961e-01,1.458139121532440186e-01,2.799152210354804993e-02,1.730317473411560059e-01,2.937658727169036865e-01,3.250753283500671387e-01,2.483907043933868408e-01,3.303491473197937012e-01,4.023111760616302490e-01,3.956568241119384766e-01,6.069571375846862793e-01,2.537099123001098633e-01,6.557009220123291016e-01,5.387102365493774414e-01,1.463160291314125061e-02,-7.845741510391235352e-02,2.359797656536102295e-01,6.027038767933845520e-02,1.843730211257934570e-01,1.561525464057922363e-01,2.415971010923385620e-01,1.898736357688903809e-01,4.269300699234008789e-01,1.031718328595161438e-01,2.109584361314773560e-01,3.839243203401565552e-02,2.088750600814819336e-01,3.062544465065002441e-01,2.678666114807128906e-01,7.264147698879241943e-02,-9.802585095167160034e-02,6.331153959035873413e-02,2.738436758518218994e-01,3.196728527545928955e-01,7.505891472101211548e-02,2.072500586509704590e-01,3.294602632522583008e-01,3.829953968524932861e-01,3.345592021942138672e-01,4.146415293216705322e-01,2.989647984504699707e-01,3.062361180782318115e-01,1.672706902027130127e-01,2.426838129758834839e-01,2.061146944761276245e-01,3.169431388378143311e-01,1.225543320178985596e-01,3.313682377338409424e-01,-7.010565698146820068e-02,1.397128701210021973e-01,1.832156479358673096e-01,2.725507915019989014e-01,3.432741165161132812e-01,2.477025836706161499e-01,3.725468814373016357e-01,3.334681391716003418e-01,1.607719808816909790e-01,1.566592231392860413e-02,-1.148605570197105408e-01,-7.224691659212112427e-02,-1.065284460783004761e-01,-9.738250076770782471e-02,9.259307757019996643e-03,-2.672950923442840576e-01,1.150108128786087036e-01,1.049490943551063538e-01,1.119847074151039124e-01,3.867950737476348877e-01,2.607011497020721436e-01,-1.444918364286422729e-01,1.516210436820983887e-01,9.751342982053756714e-02,-2.056104987859725952e-01,-1.544932574033737183e-01,4.062340259552001953e-01,-1.266700029373168945e-01,2.232730388641357422e-01,1.799020171165466309e-02,3.059125244617462158e-01,2.317485027015209198e-02,-2.888626977801322937e-02,1.636462658643722534e-01,1.963396668434143066e-01,1.785969287157058716e-01,2.354687601327896118e-01,2.487479746341705322e-01,2.913339734077453613e-01,1.483215689659118652e-01,7.435226440429687500e-02,3.187173008918762207e-01,-5.021890252828598022e-02,1.876033544540405273e-01,-1.385627686977386475e-01,-1.740718334913253784e-01,1.593822836875915527e-01,-3.040183521807193756e-02,1.787106543779373169e-01,1.750524044036865234e-01,5.186410271562635899e-04,-1.852815598249435425e-01,7.139578461647033691e-02,1.709056347608566284e-01
2.515287101268768311e-01,3.358791172504425049e-01,2.422119677066802979e-01,3.359788358211517334e-01,2.912998199462890625e-01,1.000000000000000000e+00,2.647200822830200195e-01,1.905600875616073608e-01,3.052586913108825684e-01,2.259448468685150146e-01,6.075814738869667053e-02,2.581339478492736816e-01,2.892003655433654785e-01,2.597523927688598633e-01,2.449212670326232910e-01,2.264888584613800049e-02,-2.096760645508766174e-02,8.936093002557754517e-02,1.456365734338760376e-01,3.303693532943725586e-01,-1.286461055278778076e-01,1.002563908696174622e-01,1.324533373117446899e-01,3.928629457950592041e-01,2.959460020065307617e-01,3.253913521766662598e-01,3.331838548183441162e-01,6.737422347068786621e-01,-5.665685050189495087e-03,-1.240895688533782959e-01,-1.525510698556900024e-01,-2.020240724086761475e-01,-6.805770844221115112e-02,4.352728370577096939e-03,1.781497746706008911e-01,2.997198104858398438e-01,1.439227014780044556e-01,5.156553536653518677e-02,9.793975949287414551e-02,-5.178951099514961243e-02,-1.443618675693869591e-03,2.466044127941131592e-01,1.546529233455657959e-01,2.028761804103851318e-01,9.708032757043838501e-02,2.075983285903930664e-01,3.047817349433898926e-01,3.272601664066314697e-01,2.732780575752258301e-01,2.857458293437957764e-01,4.487727582454681396e-01,3.199769556522369385e-01,1.679738163948059082e-01,1.535120457410812378e-01,3.719352781772613525e-01,2.898161411285400391e-01,2.218983918428421021e-01,2.939138412475585938e-01,2.825782001018524170e-01,1.141542717814445496e-01,1.864694356918334961e-01,8.437968045473098755e-02,-1.736391484737396240e-01,-4.982405900955200195e-02,2.108654528856277466e-01,2.447838336229324341e-01,2.900915145874023438e-01,2.846318781375885010e-01,3.951770067214965820e-01,4.301931560039520264e-01,-3.261311724781990051e-02,-1.884829252958297729e-01,1.493486016988754272e-01,5.402982234954833984e-02,-1.389378011226654053e-01,8.705332875251770020e-03,-1.939719617366790771e-01,-1.453788727521896362e-01,1.187175512313842773e-01,-9.143907576799392700e-03,1.020494028925895691e-01,3.032429516315460205e-01,5.536182224750518799e-02,-1.104473024606704712e-01,2.385102361440658569e-01,-2.804084494709968567e-02,4.849984124302864075e-02,-7.632981240749359131e-02,2.212105691432952881e-01,-2.085819393396377563e-01,1.488770097494125366e-01,-1.987239718437194824e-01,1.186561137437820435e-01,-1.867342591285705566e-01,8.052957803010940552e-02,2.458727359771728516e-01,3.444332480430603027e-01,2.960789799690246582e-01,4.596466124057769775e-01,3.413226008415222168e-01,3.774308413267135620e-02,-1.350018233060836792e-01,-7.375308126211166382e-02,-5.769997835159301758e-02,-1.332181841135025024e-01,-3.467069268226623535e-01,-6.517007201910018921e-02,6.967114657163619995e-02,1.127455458045005798e-01,9.119804948568344116e-02,2.723914384841918945e-01,1.020699292421340942e-01,-7.744674384593963623e-02,-2.183494865894317627e-01,-1.602139919996261597e-01,-4.810006916522979736e-02
6.130241155624389648e-01,2.034379094839096069e-01,6.642371416091918945e-01,6.410461068153381348e-01,4.164550304412841797e-01,2.647200822830200195e-01,1.000000000000000000e+00,6.464291214942932129e-01,3.522401154041290283e-01,3.554474115371704102e-01,4.515677690505981445e-01,5.365514159202575684e-01,7.253669500350952148e-01,6.258298158645629883e-01,5.582504868507385254e-01,4.226195812225341797e-01,-1.005547195672988892e-01,5.678853765130043030e-02,5.552666187286376953e-01,4.825495183467864990e-01,3.487472236156463623e-01,1.305435299873352051e-01,4.783110022544860840e-01,4.282986223697662354e-01,2.481570392847061157e-01,4.870532751083374023e-01,2.689895927906036377e-01,2.666509151458740234e-01,2.898032069206237793e-01,2.529298327863216400e-02,3.666191697120666504e-01,2.572944760322570801e-01,5.107830166816711426e-01,4.743796288967132568e-01,4.388336837291717529e-01,3.544744551181793213e-01,4.646858572959899902e-01,-3.419087529182434082e-01,-4.116253927350044250e-02,-2.515477240085601807e-01,1.631768792867660522e-01,-1.438420563936233521e-01,3.626924157142639160e-01,1.603968590497970581e-01,1.087164729833602905e-01,1.769582927227020264e-01,3.318547308444976807e-01,1.615606844425201416e-01,1.977595984935760498e-01,2.754542827606201172e-01,5.115524530410766602e-01,3.848537206649780273e-01,2.100225687026977539e-01,3.088719844818115234e-01,2.774692885577678680e-02,1.045361161231994629e-01,1.341807097196578979e-01,8.117092400789260864e-02,5.817617177963256836e-01,3.601973652839660645e-01,5.365491509437561035e-01,4.053770005702972412e-01,2.291491627693176270e-01,3.550466895103454590e-01,4.697401821613311768e-01,4.324339032173156738e-01,4.945665299892425537e-01,4.163501858711242676e-01,3.438114225864410400e-01,2.820779681205749512e-01,3.076291382312774658e-01,3.229394853115081787e-01,3.278310596942901611e-01,1.519942432641983032e-01,-1.719339052215218544e-03,1.326824426651000977e-01,3.104817867279052734e-01,3.637338057160377502e-02,6.084565818309783936e-02,5.091005470603704453e-03,1.523366272449493408e-01,2.617109119892120361e-01,2.407611608505249023e-01,2.764294147491455078e-01,3.612943887710571289e-01,3.854424059391021729e-01,1.348895113915205002e-02,2.514311671257019043e-01,3.176854252815246582e-01,1.534073948860168457e-01,1.954718083143234253e-01,1.009780317544937134e-01,3.091474771499633789e-01,1.015601009130477905e-01,1.692863702774047852e-01,1.853499412536621094e-01,1.026042997837066650e-01,-3.865643590688705444e-02,1.808808892965316772e-01,1.956022828817367554e-01,4.074178636074066162e-01,2.400980889797210693e-01,3.286141753196716309e-01,2.653978168964385986e-01,-8.420088887214660645e-02,-5.385325476527214050e-02,-1.369090657681226730e-02,-6.748302280902862549e-02,2.948661148548126221e-02,-2.537146806716918945e-01,1.936914324760437012e-01,2.345002889633178711e-01,4.252791777253150940e-02,-1.518931835889816284e-01,2.104474157094955444e-01,-1.732675433158874512e-01
4.520424306392669678e-01,2.251725494861602783e-01,6.597285270690917969e-01,7.520159482955932617e-01,2.544957995414733887e-01,1.905600875616073608e-01,6.464291214942932129e-01,1.000000000000000000e+00,1.546057164669036865e-01,5.537620782852172852e-01,3.679038584232330322e-01,3.625784814357757568e-01,4.198355376720428467e-01,6.135441660881042480e-01,2.824105024337768555e-01,1.524352282285690308e-01,-1.321174502372741699e-01,-9.263085573911666870e-02,6.140609979629516602e-01,5.623875260353088379e-01,4.654244482517242432e-01,2.618184089660644531e-01,6.660381555557250977e-01,5.520777702331542969e-01,1.027121767401695251e-01,3.329851031303405762e-01,-1.925252936780452728e-02,1.358611285686492920e-01,9.104073978960514069e-03,-6.908090412616729736e-02,1.782608926296234131e-01,1.418501585721969604e-01,4.448511004447937012e-01,3.895359635353088379e-01,6.097647547721862793e-01,5.288810133934020996e-01,3.233863413333892822e-01,-4.513691365718841553e-01,-2.014182806015014648e-01,-2.551608383655548096e-01,1.192863211035728455e-01,-2.562322616577148438e-01,4.617016315460205078e-01,1.476328819990158081e-01,2.846611142158508301e-01,2.007412165403366089e-01,3.280413150787353516e-01,1.882973313331604004e-01,2.163665145635604858e-01,1.737687438726425171e-01,4.397801458835601807e-01,4.581264257431030273e-01,4.707536101341247559e-01,3.815764784812927246e-01,-1.268476340919733047e-02,4.277849942445755005e-02,1.719694286584854126e-01,5.855799466371536255e-02,6.655688881874084473e-01,3.418444693088531494e-01,3.831714987754821777e-01,2.929252088069915771e-01,9.758390486240386963e-02,1.605866104364395142e-01,4.062173068523406982e-01,4.696127772331237793e-01,6.427713632583618164e-01,6.105278134346008301e-01,3.544094264507293701e-01,2.552117109298706055e-01,1.672367155551910400e-01,1.201445907354354858e-01,7.099671661853790283e-02,3.515831008553504944e-02,-1.797232776880264282e-01,2.096973657608032227e-01,3.591926395893096924e-01,1.717372089624404907e-01,-6.797657161951065063e-02,-1.228632181882858276e-01,1.295992732048034668e-01,-3.235737979412078857e-02,-8.692936971783638000e-03,7.008340209722518921e-02,5.807344317436218262e-01,7.423640042543411255e-02,-2.979838252067565918e-01,2.443400956690311432e-02,3.938913643360137939e-01,1.515503674745559692e-01,3.294620215892791748e-01,-2.946545928716659546e-02,2.586888074874877930e-01,-7.341090589761734009e-02,2.640464007854461670e-01,4.027687609195709229e-01,1.721731722354888916e-01,1.507180836051702499e-02,2.127584218978881836e-01,3.155230283737182617e-01,5.464557409286499023e-01,1.123472079634666443e-01,3.518650829792022705e-01,6.977186352014541626e-02,-5.477504059672355652e-02,-2.046955376863479614e-01,4.797339811921119690e-02,-5.843251943588256836e-02,1.807534694671630859e-01,-1.261196732521057129e-01,3.718307316303253174e-01,3.865822255611419678e-01,7.613231986761093140e-02,-3.302538692951202393e-01,1.792135536670684814e-01,-1.728316098451614380e-01
1.759916990995407104e-01,2.716114223003387451e-01,2.820753455162048340e-01,1.855790764093399048e-01,6.787410974502563477e-01,3.052586913108825684e-01,3.522401154041290283e-01,1.546057164669036865e-01,1.000000000000000000e+00,8.009768277406692505e-02,1.223940551280975342e-01,2.764482498168945312e-01,3.721297383308410645e-01,1.087673008441925049e-01,2.621749341487884521e-01,1.509511768817901611e-01,9.791758656501770020e-02,2.186513394117355347e-01,1.166019886732101440e-01,1.501180827617645264e-01,2.609364390373229980e-01,1.422726958990097046e-01,1.800851672887802124e-01,1.718851625919342041e-01,2.660754024982452393e-01,1.484467387199401855e-01,5.827499032020568848e-01,4.546169638633728027e-01,3.218589723110198975e-02,2.914885617792606354e-02,2.284336388111114502e-01,9.105354547500610352e-02,1.050146222114562988e-01,1.357641667127609253e-01,1.160336062312126160e-01,3.221068903803825378e-02,2.343653589487075806e-01,1.988556534051895142e-01,2.245697975158691406e-01,2.375611811876296997e-01,9.899975359439849854e-02,3.726268112659454346e-01,1.172778531908988953e-01,6.604641675949096680e-02,-1.766205579042434692e-01,3.839506581425666809e-02,8.014167100191116333e-02,1.481499373912811279e-01,-1.748043298721313477e-02,1.262957304716110229e-01,2.466220259666442871e-01,1.397296339273452759e-01,1.816293001174926758e-01,2.270436137914657593e-01,3.898766934871673584e-01,2.735145390033721924e-01,1.388674080371856689e-01,3.085698783397674561e-01,2.661663852632045746e-02,2.993336319923400879e-01,1.431346684694290161e-01,4.171614348888397217e-01,-4.149189218878746033e-02,2.283026427030563354e-01,2.711544334888458252e-01,3.019043803215026855e-01,1.371547430753707886e-01,9.918862581253051758e-02,1.727518588304519653e-01,2.220336794853210449e-01,2.236194610595703125e-01,7.603064179420471191e-02,-9.597533941268920898e-02,-5.000111460685729980e-02,5.087256804108619690e-02,-1.725834608078002930e-02,-3.726060315966606140e-02,-2.834519743919372559e-01,1.183701083064079285e-01,1.305113881826400757e-01,6.049868464469909668e-02,3.251406252384185791e-01,3.695953488349914551e-01,-1.939762830734252930e-01,1.184980198740959167e-01,1.856081932783126831e-02,-7.489548064768314362e-03,-2.108359485864639282e-01,2.621609270572662354e-01,-1.091210022568702698e-01,7.256542146205902100e-02,1.059997379779815674e-01,1.477784514427185059e-01,5.365934967994689941e-02,2.528827451169490814e-02,1.049420833587646484e-01,8.115088194608688354e-02,3.340907767415046692e-02,7.681676745414733887e-02,1.534356083720922470e-02,3.743302077054977417e-02,2.034738361835479736e-01,-8.712317049503326416e-02,2.912134528160095215e-01,-1.910018362104892731e-02,2.256403267383575439e-01,-1.691410988569259644e-01,-2.204949557781219482e-01,1.186715513467788696e-01,-8.814120292663574219e-02,-6.606128066778182983e-02,-1.548158079385757446e-01,-4.091203212738037109e-02,-2.611722238361835480e-02,8.137492835521697998e-02,2.166718393564224243e-01
3.236910998821258545e-01,2.503111064434051514e-01,5.055927038192749023e-01,5.326293110847473145e-01,2.787544727325439453e-01,2.259448468685150146e-01,3.554474115371704102e-01,5.537620782852172852e-01,8.009768277406692505e-02,1.000000000000000000e+00,1.734207868576049805e-01,3.781198859214782715e-01,2.486621439456939697e-01,5.556392073631286621e-01,3.695512712001800537e-01,3.923573791980743408e-01,-1.204893589019775391e-01,6.731448322534561157e-02,3.488384485244750977e-01,3.995890319347381592e-01,1.558359712362289429e-01,3.379943966865539551e-01,5.565271377563476562e-01,5.710389018058776855e-01,2.169847488403320312e-01,2.990440130233764648e-01,-1.681571640074253082e-02,2.490880936384201050e-01,3.141062334179878235e-02,-1.100354716181755066e-01,4.469144344329833984e-02,6.009584665298461914e-02,1.636622548103332520e-01,1.616378277540206909e-01,3.234433829784393311e-01,2.785520851612091064e-01,2.630616426467895508e-01,-3.124333620071411133e-01,-2.474350929260253906e-01,-3.269539475440979004e-01,4.868830367922782898e-02,-1.973225027322769165e-01,3.793871402740478516e-01,1.505036652088165283e-01,3.042831122875213623e-01,1.760823130607604980e-01,4.110279083251953125e-01,3.124947249889373779e-01,3.356240093708038330e-01,1.699669957160949707e-01,3.011261224746704102e-01,3.187600374221801758e-01,3.092581629753112793e-01,1.244311928749084473e-01,-3.419674932956695557e-02,-8.139294385910034180e-02,1.709531247615814209e-01,1.367965787649154663e-01,3.274808526039123535e-01,1.135560199618339539e-01,2.120824158191680908e-01,1.349601298570632935e-01,1.247630268335342407e-01,6.733395159244537354e-02,2.155090272426605225e-01,2.087263911962509155e-01,3.502686023712158203e-01,3.434072136878967285e-01,2.381636649370193481e-01,1.786364912986755371e-01,9.060987085103988647e-02,-5.746880918741226196e-02,-3.475593635812401772e-03,1.499792188405990601e-02,-3.889354467391967773e-01,2.419967651367187500e-01,1.165289655327796936e-01,2.189416252076625824e-02,-1.265207491815090179e-02,-8.161786943674087524e-02,4.798248037695884705e-02,1.416232138872146606e-01,-1.848936825990676880e-01,1.131207719445228577e-01,3.359214365482330322e-01,1.444554030895233154e-01,-3.378641009330749512e-01,3.522237390279769897e-02,2.324288934469223022e-01,-1.214095205068588257e-01,1.488204747438430786e-01,-1.787123084068298340e-01,1.150023266673088074e-01,-1.782805472612380981e-01,1.748986393213272095e-01,1.416505724191665649e-01,2.571855187416076660e-01,6.479120999574661255e-02,2.323098927736282349e-01,2.251464426517486572e-01,2.745369672775268555e-01,-3.513507917523384094e-02,1.514883637428283691e-01,1.532559990882873535e-01,-2.403649091720581055e-01,-3.170695304870605469e-01,-2.056648284196853638e-01,8.316443860530853271e-02,9.467059373855590820e-02,3.456790372729301453e-02,3.544785082340240479e-01,3.195263147354125977e-01,-1.285572201013565063e-01,-5.425671339035034180e-01,-3.922858275473117828e-03,-1.482958197593688965e-01
4.301341474056243896e-01,1.069185584783554077e-01,2.341966480016708374e-01,2.289500832557678223e-01,6.667788326740264893e-02,6.075814738869667053e-02,4.515677690505981445e-01,3.679038584232330322e-01,1.223940551280975342e-01,1.734207868576049805e-01,1.000000000000000000e+00,3.959072530269622803e-01,5.761453509330749512e-01,3.867253959178924561e-01,3.937361538410186768e-01,1.702383905649185181e-01,4.016017615795135498e-01,2.505290508270263672e-01,1.436171233654022217e-01,2.592355608940124512e-01,1.224589496850967407e-01,7.577791810035705566e-02,9.507235884666442871e-02,1.187681779265403748e-01,4.678365588188171387e-02,2.013571709394454956e-01,1.595222577452659607e-02,-8.346897363662719727e-02,4.147905409336090088e-01,4.039910733699798584e-01,3.330487012863159180e-01,4.240026772022247314e-01,3.925862014293670654e-01,4.384934008121490479e-01,1.145622506737709045e-01,9.286189824342727661e-02,1.234313622117042542e-01,-3.317243158817291260e-01,-3.022142648696899414e-01,6.067459657788276672e-02,-5.094956234097480774e-02,-8.154431730508804321e-02,8.722980320453643799e-02,6.053628399968147278e-02,-2.438913471996784210e-02,-1.646215654909610748e-02,2.243351638317108154e-01,8.772903680801391602e-02,4.202194139361381531e-02,1.072935312986373901e-01,1.622017323970794678e-01,1.738357245922088623e-01,-1.640110462903976440e-01,1.282125562429428101e-01,-1.908775120973587036e-01,2.708332538604736328e-01,2.523279488086700439e-01,1.002501994371414185e-01,1.765890121459960938e-01,1.162655800580978394e-01,4.778117239475250244e-01,4.171212613582611084e-01,5.177671313285827637e-01,4.990764260292053223e-01,3.976002633571624756e-01,2.962367534637451172e-01,2.877439372241497040e-02,5.016088113188743591e-02,1.100040301680564880e-01,1.255401968955993652e-01,2.733343839645385742e-01,3.460322320461273193e-01,3.571165800094604492e-01,2.667403817176818848e-01,-2.453363314270973206e-02,1.731783151626586914e-01,7.326468825340270996e-02,7.279485464096069336e-02,2.462557703256607056e-01,1.923066675662994385e-01,3.975171148777008057e-01,2.282320111989974976e-01,1.010702997446060181e-01,3.775627911090850830e-01,2.928404211997985840e-01,4.303498268127441406e-01,5.398075282573699951e-02,2.846519351005554199e-01,-1.361183971166610718e-01,3.928503394126892090e-01,-1.761727184057235718e-01,2.516108453273773193e-01,-1.273511908948421478e-02,2.428715527057647705e-01,2.626132071018218994e-01,1.085418909788131714e-01,7.833162695169448853e-02,-8.632049709558486938e-02,7.092095166444778442e-02,1.517087686806917191e-03,4.192382469773292542e-02,2.559809982776641846e-01,1.098268106579780579e-01,1.762621402740478516e-01,-2.792549431324005127e-01,-1.296664327383041382e-01,-3.770136833190917969e-02,9.980041533708572388e-02,2.120746374130249023e-01,-1.683938354253768921e-01,-6.995231658220291138e-02,1.111891940236091614e-01,4.318301752209663391e-02,9.427427314221858978e-03,2.258677184581756592e-01,8.743477053940296173e-03
5.665857791900634766e-01,3.198245167732238770e-01,4.171596169471740723e-01,4.883689582347869873e-01,3.062230646610260010e-01,2.581339478492736816e-01,5.365514159202575684e-01,3.625784814357757568e-01,2.764482498168945312e-01,3.781198859214782715e-01,3.959072530269622803e-01,1.000000000000000000e+00,6.828767657279968262e-01,6.683005690574645996e-01,5.889309048652648926e-01,4.183992445468902588e-01,2.973987348377704620e-02,3.962479233741760254e-01,4.832361936569213867e-01,4.770389497280120850e-01,4.121314268559217453e-03,1.426063179969787598e-01,2.983010709285736084e-01,4.676742255687713623e-01,2.730114161968231201e-01,3.513959646224975586e-01,3.201019167900085449e-01,2.880705595016479492e-01,4.005148410797119141e-01,2.220300883054733276e-01,2.949205040931701660e-01,2.426470667123794556e-01,4.068484008312225342e-01,3.880647122859954834e-01,2.373208403587341309e-01,1.926055401563644409e-01,3.146654963493347168e-01,-2.094916701316833496e-01,-4.950067773461341858e-02,-2.034056484699249268e-01,4.407960548996925354e-02,1.356735266745090485e-02,2.237729430198669434e-01,1.031574457883834839e-01,-2.647412242367863655e-03,-7.256146520376205444e-02,2.276109308004379272e-01,1.000182777643203735e-01,-2.139736711978912354e-02,1.850510574877262115e-02,3.413614332675933838e-01,2.173465043306350708e-01,1.671488136053085327e-01,1.013130396604537964e-01,5.978329852223396301e-02,1.560952235013246536e-02,2.205152660608291626e-01,3.162944614887237549e-01,3.173709809780120850e-01,4.375533461570739746e-01,6.470469236373901367e-01,6.714168787002563477e-01,4.138605892658233643e-01,6.495226621627807617e-01,4.078632295131683350e-01,4.706792235374450684e-01,2.186393886804580688e-01,1.799406111240386963e-01,1.654921472072601318e-01,1.235098168253898621e-01,2.947213947772979736e-01,3.128447234630584717e-01,2.577994763851165771e-01,2.786151766777038574e-01,4.646518453955650330e-02,2.888635694980621338e-01,5.037795007228851318e-02,-1.098992601037025452e-01,2.076182365417480469e-01,1.708257347345352173e-01,1.395611912012100220e-01,4.966629147529602051e-01,2.178710252046585083e-01,1.853348761796951294e-01,1.744356453418731689e-01,4.392274618148803711e-01,4.546179622411727905e-02,1.332437098026275635e-01,3.427489101886749268e-01,2.361098304390907288e-02,6.433676928281784058e-02,1.470322608947753906e-01,1.818668842315673828e-01,1.493595540523529053e-01,2.305307686328887939e-01,-1.000713109970092773e-01,2.393933683633804321e-01,-1.475241482257843018e-01,1.025930196046829224e-01,7.378772646188735962e-02,1.674015223979949951e-01,5.355704575777053833e-02,1.963530033826828003e-01,1.326674818992614746e-01,-2.624675929546356201e-01,-1.303584128618240356e-01,-1.305427998304367065e-01,4.542411863803863525e-02,2.200302295386791229e-02,-2.888452708721160889e-01,1.031668782234191895e-01,2.181502431631088257e-01,-1.235378086566925049e-01,-1.159001588821411133e-01,1.491686701774597168e-01,3.967496566474437714e-03
6.391549110412597656e-01,2.053486853837966919e-01,5.075138211250305176e-01,4.724665582180023193e-01,3.705547451972961426e-01,2.892003655433654785e-01,7.253669500350952148e-01,4.198355376720428467e-01,3.721297383308410645e-01,2.486621439456939697e-01,5.761453509330749512e-01,6.828767657279968262e-01,1.000000000000000000e+00,5.801882147789001465e-01,5.870227813720703125e-01,3.804312348365783691e-01,7.950907200574874878e-02,2.078673243522644043e-01,4.268709421157836914e-01,4.623544812202453613e-01,8.470797538757324219e-02,1.422055512666702271e-01,3.060792684555053711e-01,4.481284320354461670e-01,2.745835483074188232e-01,4.189613461494445801e-01,3.205361068248748779e-01,2.107579261064529419e-01,5.138979554176330566e-01,2.709431052207946777e-01,4.745825827121734619e-01,4.079174101352691650e-01,4.514038562774658203e-01,4.395854473114013672e-01,2.924408316612243652e-01,2.588273882865905762e-01,4.276809096336364746e-01,-2.806956768035888672e-01,-1.606294512748718262e-01,-6.538815796375274658e-02,1.867813467979431152e-01,1.255146414041519165e-01,2.146403193473815918e-01,2.440432161092758179e-01,3.173847496509552002e-02,1.203632578253746033e-01,3.083339929580688477e-01,2.081896662712097168e-01,1.175113022327423096e-01,2.708240151405334473e-01,4.228843152523040771e-01,3.273299634456634521e-01,1.851522014476358891e-03,2.327132225036621094e-01,-4.648237675428390503e-02,1.889099031686782837e-01,2.242103070020675659e-01,1.610938757658004761e-01,3.780106008052825928e-01,3.274757564067840576e-01,5.954795479774475098e-01,5.262583494186401367e-01,3.881196677684783936e-01,5.066180825233459473e-01,4.466042220592498779e-01,3.988014757633209229e-01,2.591166496276855469e-01,1.975336074829101562e-01,2.635526955127716064e-01,2.445982694625854492e-01,4.838862419128417969e-01,4.999459683895111084e-01,4.694914817810058594e-01,3.998608887195587158e-01,2.694603614509105682e-02,3.213662207126617432e-01,1.792428642511367798e-01,2.834972180426120758e-02,2.580037415027618408e-01,1.780805289745330811e-01,3.021360039710998535e-01,4.490797519683837891e-01,3.182529509067535400e-01,2.169764786958694458e-01,2.875824868679046631e-01,3.959366977214813232e-01,1.349962800741195679e-01,1.869499236345291138e-01,1.236685812473297119e-01,7.467202097177505493e-02,-8.028239011764526367e-02,8.969297260046005249e-02,1.122635304927825928e-01,1.610346287488937378e-01,3.175343573093414307e-01,8.402065187692642212e-02,1.579552292823791504e-01,-1.039281487464904785e-01,1.295484006404876709e-01,6.377319246530532837e-02,1.890458166599273682e-01,1.384437829256057739e-01,2.263885736465454102e-01,2.062678635120391846e-01,-3.200023770332336426e-01,-1.432755291461944580e-01,-6.586340814828872681e-02,-5.016310140490531921e-02,1.847874671220779419e-01,-2.708240151405334473e-01,1.162260621786117554e-01,2.182452529668807983e-01,-3.081835061311721802e-02,-6.181036680936813354e-02,3.203643262386322021e-01,-3.086917847394943237e-02
