1.000000000000000000e+00,3.859469890594482422e-01,2.649244070053100586e-01,3.859791755676269531e-01,1.595202237367630005e-01,4.932451248168945312e-01,1.298374682664871216e-01,1.327027529478073120e-01,1.674985699355602264e-02,3.124440014362335205e-01,4.636668562889099121e-01,4.620406329631805420e-01,3.753460943698883057e-01,2.050608694553375244e-01,3.514181375503540039e-01,5.737982988357543945e-01,2.979447841644287109e-01,3.552261888980865479e-01,4.938040375709533691e-01,3.703148066997528076e-01,2.494659274816513062e-01,4.936769604682922363e-01,3.072854876518249512e-01,3.315114080905914307e-01,6.297248601913452148e-02,1.311493366956710815e-01,1.394776254892349243e-01,4.334985017776489258e-01,4.147029817104339600e-01,1.476712673902511597e-01,4.179305583238601685e-02,7.862950116395950317e-02,2.285870462656021118e-01,1.505514979362487793e-01,-5.216610059142112732e-02,9.144287556409835815e-02,1.496623307466506958e-01,4.534723237156867981e-02,1.724590957164764404e-01,3.193067014217376709e-01,5.816942546516656876e-03,1.744446903467178345e-01,2.453650236129760742e-01,4.513271152973175049e-01,-6.297639012336730957e-02,3.401681184768676758e-01,3.614678382873535156e-01,1.174129843711853027e-01,3.645941019058227539e-01,4.121215343475341797e-01,3.211075365543365479e-01,4.806379675865173340e-01,1.240825355052947998e-01,1.824351847171783447e-01,4.327434003353118896e-01,4.742771387100219727e-01,5.126460790634155273e-01,3.956113159656524658e-01,4.772496521472930908e-01,4.343281388282775879e-01,5.220267176628112793e-01,9.360777586698532104e-02,4.900521337985992432e-01,5.381034612655639648e-01,4.315804839134216309e-01,3.077393472194671631e-01,3.775804340839385986e-01,2.772291302680969238e-01,4.986975491046905518e-01,4.383842349052429199e-01,1.355760544538497925e-01,-9.997630119323730469e-02,3.504496812820434570e-01,1.999165713787078857e-01,3.923030197620391846e-02,3.706158325076103210e-02,3.394019901752471924e-01,2.469510138034820557e-01,1.942866593599319458e-01,3.469103872776031494e-01,4.430674314498901367e-01,4.935994446277618408e-01,2.882294654846191406e-01,4.048966467380523682e-01,5.585539340972900391e-01,3.983343839645385742e-01,2.160761654376983643e-01,3.483201861381530762e-01,1.743583679199218750e-01,3.772793412208557129e-01,-1.044730767607688904e-01,-3.011457435786724091e-02,-1.465725153684616089e-01,1.586275547742843628e-01,-8.076089620590209961e-02,1.427423357963562012e-01,3.032883405685424805e-01,1.429408639669418335e-01,1.960236877202987671e-01,2.128043919801712036e-01,1.080582141876220703e-01,-2.180506139993667603e-01,2.934728004038333893e-02,-2.553674280643463135e-01,-4.221465885639190674e-01,-2.065557837486267090e-01,-2.708773016929626465e-01,-5.741221457719802856e-02,6.403414160013198853e-02,9.266489744186401367e-02,3.224516510963439941e-01,1.043735295534133911e-01,1.256410181522369385e-01,2.464210242033004761e-01,-5.301935598254203796e-02,-2.751601636409759521e-01
3.859469890594482422e-01,1.000000000000000000e+00,2.004521898925304413e-02,-1.055582612752914429e-01,9.087316691875457764e-02,2.494834661483764648e-01,-1.828392595052719116e-01,-1.376267671585083008e-01,3.385567665100097656e-02,3.129067644476890564e-02,3.851782381534576416e-01,4.246864020824432373e-01,2.604540884494781494e-01,3.315074741840362549e-02,3.162126243114471436e-01,1.768879890441894531e-01,4.262594580650329590e-01,5.977065563201904297e-01,3.629605174064636230e-01,6.146731972694396973e-01,2.888965606689453125e-01,4.833273589611053467e-01,-9.105110913515090942e-02,5.428797379136085510e-02,-1.020766347646713257e-01,-3.079290688037872314e-02,-8.833031170070171356e-03,2.141622453927993774e-01,3.561850786209106445e-01,4.884798824787139893e-01,3.168774396181106567e-02,1.002147197723388672e-01,2.007267326116561890e-01,2.827758193016052246e-01,1.719393208622932434e-02,1.129858940839767456e-01,-5.828743427991867065e-02,-1.226807013154029846e-01,1.036727577447891235e-01,1.792645007371902466e-01,7.606593519449234009e-02,2.200599312782287598e-01,2.169593572616577148e-01,2.833484411239624023e-01,1.092174500226974487e-01,1.988565921783447266e-01,3.018540143966674805e-01,3.898382559418678284e-02,1.633574664592742920e-01,2.526938319206237793e-01,1.288270801305770874e-01,2.724600732326507568e-01,9.421955049037933350e-02,3.153042495250701904e-01,2.321861237287521362e-01,2.640198171138763428e-01,5.682950019836425781e-01,6.280041933059692383e-01,2.521536648273468018e-01,2.117257416248321533e-01,1.892090290784835815e-01,-1.218487545847892761e-01,4.836720824241638184e-01,5.690749883651733398e-01,6.797465682029724121e-02,-1.106608286499977112e-01,1.103678569197654724e-01,-6.471110973507165909e-03,4.198900461196899414e-01,3.534148335456848145e-01,-9.870290756225585938e-02,-8.792935311794281006e-02,1.404248028993606567e-01,2.524339258670806885e-01,1.058810353279113770e-01,-6.488648056983947754e-02,2.790815532207489014e-01,2.112654149532318115e-01,3.234422802925109863e-01,4.899736046791076660e-01,4.545954465866088867e-01,3.658820390701293945e-01,3.007500767707824707e-01,3.708009123802185059e-01,3.214512467384338379e-01,3.648378653451800346e-03,1.614505350589752197e-01,1.924619972705841064e-01,6.993480771780014038e-02,2.022191435098648071e-01,-2.357123494148254395e-01,-1.013405770063400269e-01,-3.599490523338317871e-01,1.841424256563186646e-01,2.167781069874763489e-02,1.426714062690734863e-01,2.722205519676208496e-01,3.493567183613777161e-02,8.927383273839950562e-02,2.208501566201448441e-03,-1.195565797388553619e-02,1.043599024415016174e-01,-3.279855102300643921e-02,1.468367845518514514e-04,-1.676138788461685181e-01,-1.199641302227973938e-01,-7.570370286703109741e-02,-8.696373552083969116e-02,6.917501240968704224e-02,-3.110568504780530930e-03,1.620063781738281250e-01,2.491631358861923218e-02,-3.313413262367248535e-02,2.838720381259918213e-01,-6.381986290216445923e-02,-2.129723578691482544e-01
2.649244070053100586e-01,2.004521898925304413e-02,1.000000000000000000e+00,4.680040776729583740e-01,1.964483410120010376e-01,5.924752727150917053e-02,7.279061675071716309e-01,3.960157930850982666e-01,3.691630065441131592e-01,3.347015082836151123e-01,3.239171504974365234e-01,-1.205013617873191833e-01,4.365243017673492432e-01,2.075985670089721680e-01,5.229530930519104004e-01,3.479729890823364258e-01,-2.554442584514617920e-01,-2.047469019889831543e-01,3.038760423660278320e-01,-2.433747798204421997e-02,2.421075701713562012e-01,1.526576280593872070e-01,6.216432452201843262e-01,3.404300212860107422e-01,3.544687628746032715e-01,1.885556280612945557e-01,1.870650500059127808e-01,1.015005260705947876e-01,-1.233384236693382263e-01,-1.906301379203796387e-01,1.163847520947456360e-01,-2.353526093065738678e-02,1.637044996023178101e-01,5.321533977985382080e-02,4.105247855186462402e-01,3.468652665615081787e-01,2.062461338937282562e-02,5.706655234098434448e-02,1.240759342908859253e-02,-3.769541531801223755e-02,-1.631179302930831909e-01,5.816419050097465515e-02,3.254540860652923584e-01,3.993854522705078125e-01,1.605085879564285278e-01,2.067767381668090820e-01,1.826678663492202759e-01,3.368250429630279541e-01,2.123505771160125732e-01,-8.414269424974918365e-03,7.077677547931671143e-02,-6.616407074034214020e-03,3.518168926239013672e-01,1.416880190372467041e-01,2.015837728977203369e-01,1.377253979444503784e-01,-1.667297482490539551e-01,-1.423138529062271118e-01,1.024765223264694214e-01,8.876125514507293701e-02,2.952083945274353027e-01,2.964953482151031494e-01,-1.427275985479354858e-01,-1.802214980125427246e-01,3.606612980365753174e-01,4.508875012397766113e-01,5.262895226478576660e-01,3.911736607551574707e-01,1.283913403749465942e-01,9.805911034345626831e-02,1.928203403949737549e-01,3.127044737339019775e-01,2.190978378057479858e-01,3.261467441916465759e-03,3.784382939338684082e-01,-1.140547394752502441e-01,9.181566536426544189e-02,-1.150546148419380188e-01,-2.098982036113739014e-01,-1.923936456441879272e-01,-1.585820764303207397e-01,-8.435901254415512085e-03,1.553247123956680298e-01,-1.324401982128620148e-02,4.023867249488830566e-01,2.253245562314987183e-01,6.476098299026489258e-02,2.459684610366821289e-01,3.371330201625823975e-01,1.535608619451522827e-01,3.531961441040039062e-01,1.623607724905014038e-01,1.943682581186294556e-01,2.502917945384979248e-01,4.990882053971290588e-02,1.660828292369842529e-01,2.738982439041137695e-01,6.433992832899093628e-02,1.751134991645812988e-01,1.258240193128585815e-01,1.511513441801071167e-01,-2.591751329600811005e-02,-1.357356309890747070e-01,-1.081825569272041321e-01,2.157310843467712402e-01,1.332148313522338867e-01,1.114693954586982727e-01,-9.526202827692031860e-02,-4.835380613803863525e-02,-4.491740837693214417e-02,1.142091974616050720e-01,2.911707162857055664e-01,4.105196595191955566e-01,3.634368628263473511e-02,3.399593755602836609e-02,1.110689118504524231e-01
3.859791755676269531e-01,-1.055582612752914429e-01,4.680040776729583740e-01,1.000000000000000000e+00,1.490681469440460205e-01,3.691655695438385010e-01,3.673822283744812012e-01,4.985388815402984619e-01,2.085918635129928589e-01,5.115510225296020508e-01,2.909804321825504303e-02,6.230556592345237732e-02,1.520661860704421997e-01,7.086342573165893555e-02,3.083360195159912109e-01,4.773617684841156006e-01,-2.465723752975463867e-01,-1.311117112636566162e-01,3.040406107902526855e-01,-7.681497372686862946e-04,1.421497464179992676e-01,2.015127986669540405e-01,5.897140502929687500e-01,6.187241077423095703e-01,4.447846412658691406e-01,3.100436329841613770e-01,1.508303284645080566e-01,3.172293901443481445e-01,-5.512852594256401062e-02,-2.332050651311874390e-01,2.448122650384902954e-01,1.245748698711395264e-01,2.367990463972091675e-01,9.890654683113098145e-02,2.418380379676818848e-01,2.002452909946441650e-01,1.798538267612457275e-01,1.310307234525680542e-01,5.074580013751983643e-02,1.714419275522232056e-01,-1.678093522787094116e-01,1.978490799665451050e-01,1.803190112113952637e-01,2.640781998634338379e-01,-3.880367428064346313e-02,1.026076227426528931e-01,1.130295470356941223e-01,1.621610671281814575e-01,2.590562403202056885e-01,-2.076619863510131836e-02,2.565843462944030762e-01,1.280800253152847290e-01,1.226137876510620117e-01,4.899481311440467834e-02,1.415799409151077271e-01,2.486212998628616333e-01,-7.689817249774932861e-02,-7.202654331922531128e-02,2.099971920251846313e-01,2.485989183187484741e-01,2.751988768577575684e-01,4.825630187988281250e-01,-2.296184375882148743e-02,1.471547037363052368e-02,5.531097650527954102e-01,5.737624168395996094e-01,3.823569416999816895e-01,4.078122973442077637e-01,8.891484141349792480e-02,-6.191812921315431595e-03,3.425728380680084229e-01,1.685278117656707764e-01,1.100746318697929382e-01,4.477427527308464050e-02,1.151583269238471985e-01,5.456780269742012024e-02,1.959905177354812622e-01,2.125673443078994751e-01,-2.578308582305908203e-01,-9.074077010154724121e-02,-1.073474138975143433e-01,-1.217415742576122284e-02,7.398787140846252441e-02,9.225381910800933838e-02,3.891480267047882080e-01,3.032618463039398193e-01,8.663381636142730713e-02,2.386049926280975342e-01,1.059125587344169617e-01,1.853604018688201904e-01,2.092507630586624146e-01,7.081427425146102905e-02,2.004809528589248657e-01,1.673363000154495239e-01,-2.354999035596847534e-01,-5.354412365704774857e-03,9.413940459489822388e-02,-3.349618241190910339e-02,7.547116279602050781e-02,1.924679428339004517e-01,1.311903148889541626e-01,-1.278888285160064697e-01,-4.098750650882720947e-02,-1.153974384069442749e-01,-3.759076818823814392e-02,9.824705868959426880e-02,-8.453221619129180908e-02,-1.715060472488403320e-01,-1.458127200603485107e-01,-7.177829742431640625e-02,1.794658228754997253e-02,1.784514784812927246e-01,9.231882542371749878e-02,-1.040012761950492859e-01,1.217302605509757996e-01,-8.986148238182067871e-02
1.595202237367630005e-01,9.087316691875457764e-02,1.964483410120010376e-01,1.490681469440460205e-01,1.000000000000000000e+00,9.222058951854705811e-02,2.122002094984054565e-01,1.943117976188659668e-01,1.280762702226638794e-01,1.993961781263351440e-01,1.907795071601867676e-01,9.247401356697082520e-02,1.059219464659690857e-01,1.971962675452232361e-02,3.085895478725433350e-01,9.971012175083160400e-02,5.509105697274208069e-02,1.278456067666411400e-03,3.159064054489135742e-01,2.120984643697738647e-01,4.406918585300445557e-02,7.726456224918365479e-02,3.740102797746658325e-02,5.948181450366973877e-02,1.962750852108001709e-01,-1.722733229398727417e-01,4.079945087432861328e-01,1.330763101577758789e-01,1.531127393245697021e-01,1.565886139869689941e-01,1.103833988308906555e-01,1.582445353269577026e-01,1.132346242666244507e-01,1.962923109531402588e-01,1.652269065380096436e-01,1.520197242498397827e-01,-3.660997003316879272e-02,-8.308605290949344635e-03,2.124740183353424072e-01,9.528032690286636353e-02,1.615311652421951294e-01,-8.387277275323867798e-02,1.984830200672149658e-01,1.896612942218780518e-01,2.397320717573165894e-01,7.368657737970352173e-02,2.649659514427185059e-01,1.381636708974838257e-01,1.444450914859771729e-01,5.071520060300827026e-02,1.227664947509765625e-01,1.137667894363403320e-01,1.279660910367965698e-01,9.874526411294937134e-02,1.856495738029479980e-01,2.703019380569458008e-01,2.584624104201793671e-02,-2.203479595482349396e-02,2.138651460409164429e-01,5.048822984099388123e-02,1.451812386512756348e-01,7.209453731775283813e-02,8.875863999128341675e-02,3.938971459865570068e-02,1.852819919586181641e-01,1.494302302598953247e-01,1.967323571443557739e-01,1.571193486452102661e-01,3.994866833090782166e-02,9.850937873125076294e-02,-1.649580808589234948e-04,7.717374712228775024e-02,-3.735989332199096680e-02,2.027951031923294067e-01,1.809690296649932861e-01,1.359662711620330811e-01,-7.315497845411300659e-02,-2.315303310751914978e-02,1.051647812128067017e-01,-3.854440525174140930e-02,1.078747678548097610e-02,-1.407899707555770874e-01,1.743828803300857544e-01,-1.697716116905212402e-01,2.772360444068908691e-01,-4.035677388310432434e-02,4.950055852532386780e-02,3.515358315780758858e-03,3.505853712558746338e-01,1.498668082058429718e-02,5.944223329424858093e-02,-1.366671323776245117e-01,-7.270739879459142685e-03,-1.834538877010345459e-01,1.294456422328948975e-01,9.690794348716735840e-02,2.365936636924743652e-01,1.669909656047821045e-01,1.229438260197639465e-01,2.843826264142990112e-02,1.181121096014976501e-01,-1.831404268741607666e-01,-2.826468646526336670e-01,-1.770367324352264404e-01,-7.064189016819000244e-02,-2.319660335779190063e-01,-5.471957474946975708e-02,-1.466756910085678101e-01,-5.260800570249557495e-02,1.215314716100692749e-01,1.763912886381149292e-01,-5.732460692524909973e-02,3.804132342338562012e-02,7.933799922466278076e-02,-1.189125478267669678e-01,4.290495812892913818e-02
4.932451248168945312e-01,2.494834661483764648e-01,5.924752727150917053e-02,3.691655695438385010e-01,9.222058951854705811e-02,1.000000000000000000e+00,-6.055038049817085266e-02,-3.604921326041221619e-02,-1.926780790090560913e-01,2.579215168952941895e-01,1.345357149839401245e-01,2.591620981693267822e-01,1.802809685468673706e-01,-1.037507951259613037e-01,2.552129626274108887e-01,4.030892848968505859e-01,2.872876822948455811e-01,3.955320417881011963e-01,2.894318699836730957e-01,2.128443121910095215e-01,3.016906380653381348e-01,5.114790201187133789e-01,1.528408676385879517e-01,3.313637077808380127e-01,1.709766238927841187e-01,2.288776487112045288e-01,1.264370977878570557e-01,6.523742079734802246e-01,3.805233538150787354e-01,9.950061887502670288e-02,2.412478923797607422e-01,1.279799938201904297e-01,3.672042116522789001e-02,1.152905821800231934e-02,-1.207385361194610596e-01,-6.936051696538925171e-02,2.112931162118911743e-01,-8.280074596405029297e-02,3.987609222531318665e-02,4.513320326805114746e-01,8.390730619430541992e-02,1.454902887344360352e-01,1.010862886905670166e-01,2.880736291408538818e-01,-1.375356614589691162e-01,1.434029638767242432e-01,1.683019101619720459e-01,4.095372557640075684e-02,1.882386952638626099e-01,3.261826038360595703e-01,2.306864857673645020e-01,3.546525537967681885e-01,7.001187768764793873e-04,7.426385581493377686e-02,2.532120645046234131e-01,4.315661489963531494e-01,3.916492462158203125e-01,3.589944839477539062e-01,3.813051879405975342e-01,4.512633383274078369e-01,2.848367691040039062e-01,1.570885181427001953e-01,3.301642537117004395e-01,3.376741707324981689e-01,4.623898565769195557e-01,4.223529696464538574e-01,1.485109478235244751e-01,2.012771964073181152e-01,2.714021503925323486e-01,1.925136148929595947e-01,3.621381819248199463e-01,-3.826106199994683266e-03,2.334371656179428101e-01,1.694522947072982788e-01,1.158432010561227798e-02,1.927868127822875977e-01,1.301268041133880615e-01,2.355350553989410400e-01,2.346315681934356689e-01,4.051658511161804199e-01,3.200796842575073242e-01,4.284588694572448730e-01,2.705391049385070801e-01,4.041462242603302002e-01,4.894033074378967285e-01,3.060891926288604736e-01,2.256201505661010742e-01,1.768612116575241089e-01,-1.493349019438028336e-02,1.257901042699813843e-01,-1.914227455854415894e-01,6.337352842092514038e-02,-1.039786785840988159e-01,9.958802722394466400e-03,-2.539618611335754395e-01,1.396910101175308228e-01,5.999642238020896912e-02,7.880064845085144043e-02,2.908628433942794800e-02,2.838108837604522705e-01,-4.288842156529426575e-02,6.764248479157686234e-03,1.833669468760490417e-02,-6.490563508123159409e-03,-2.896952629089355469e-01,8.759078383445739746e-02,-4.237683862447738647e-02,1.381084043532609940e-02,3.144872188568115234e-02,1.125845871865749359e-02,2.224408537149429321e-01,-1.689421012997627258e-02,-1.216485872864723206e-01,-1.253748871386051178e-02,-9.175485372543334961e-02,-3.935729265213012695e-01
1.298374682664871216e-01,-1.828392595052719116e-01,7.279061675071716309e-01,3.673822283744812012e-01,2.122002094984054565e-01,-6.055038049817085266e-02,1.000000000000000000e+00,5.679699182510375977e-01,4.339305162429809570e-01,3.054432868957519531e-01,2.995303273200988770e-01,-1.518048644065856934e-01,3.601942956447601318e-01,3.245446979999542236e-01,3.356547951698303223e-01,2.775036692619323730e-01,-3.442143797874450684e-01,-3.469198346138000488e-01,1.508812457323074341e-01,-8.388204127550125122e-02,1.257747858762741089e-01,-7.329115271568298340e-02,4.079287648200988770e-01,1.257988363504409790e-01,2.500169277191162109e-01,4.800357297062873840e-02,1.845012903213500977e-01,5.483794584870338440e-02,-1.608879119157791138e-01,-2.325441539287567139e-01,1.154773533344268799e-01,2.566771581768989563e-02,1.431254893541336060e-01,1.121559664607048035e-01,3.481574952602386475e-01,2.993713021278381348e-01,-7.356671243906021118e-02,-4.896185826510190964e-03,4.662558808922767639e-02,-8.268293738365173340e-02,-1.205670684576034546e-01,-2.732768468558788300e-02,2.146475464105606079e-01,2.126258164644241333e-01,1.919209659099578857e-01,8.428142964839935303e-02,1.973734349012374878e-01,1.835643351078033447e-01,2.065153568983078003e-01,-8.341363072395324707e-02,1.521279215812683105e-01,-4.166985303163528442e-02,3.176425397396087646e-01,1.098397448658943176e-01,2.095475494861602783e-01,1.073334068059921265e-01,-3.145350515842437744e-01,-3.942440152168273926e-01,5.050591006875038147e-02,-4.416385293006896973e-02,2.577675282955169678e-01,3.995594680309295654e-01,-2.921801805496215820e-01,-3.034270405769348145e-01,2.259135693311691284e-01,5.093399286270141602e-01,4.381110370159149170e-01,3.586448729038238525e-01,7.901027798652648926e-02,1.129402443766593933e-01,2.197279781103134155e-01,3.282118141651153564e-01,2.017730623483657837e-01,2.056247182190418243e-02,2.184143960475921631e-01,4.507660865783691406e-02,-4.706956818699836731e-02,-1.436984241008758545e-01,-2.827505171298980713e-01,-3.479075729846954346e-01,-2.689643204212188721e-01,-1.365294754505157471e-01,-7.371342740952968597e-03,-1.255321800708770752e-01,2.104356735944747925e-01,3.043350577354431152e-01,4.274167865514755249e-02,9.972014464437961578e-03,3.170776069164276123e-01,2.080345600843429565e-01,2.743153274059295654e-01,1.276608705520629883e-01,2.295298278331756592e-01,2.579479515552520752e-01,8.294650912284851074e-02,1.102244630455970764e-01,4.986279457807540894e-02,1.324636936187744141e-01,1.849392652511596680e-01,6.528309732675552368e-02,1.116605773568153381e-01,-2.999669872224330902e-03,-6.496025621891021729e-02,2.830180153250694275e-02,1.514757126569747925e-01,1.689843386411666870e-01,7.320173084735870361e-02,1.212390065193176270e-01,5.527267232537269592e-02,5.113023892045021057e-02,3.731375932693481445e-02,2.696346044540405273e-01,4.566612243652343750e-01,-5.289907008409500122e-02,-2.993931621313095093e-02,1.010012850165367126e-01
1.327027529478073120e-01,-1.376267671585083008e-01,3.960157930850982666e-01,4.985388815402984619e-01,1.943117976188659668e-01,-3.604921326041221619e-02,5.679699182510375977e-01,1.000000000000000000e+00,3.319158554077148438e-01,3.766779303550720215e-01,1.207066774368286133e-01,1.239159032702445984e-01,2.134870886802673340e-01,5.182135701179504395e-01,1.331385672092437744e-01,3.456763625144958496e-01,-3.566103577613830566e-01,-3.636499643325805664e-01,2.176813930273056030e-01,5.157269164919853210e-02,7.970736175775527954e-02,7.312079519033432007e-02,2.770081460475921631e-01,1.546992361545562744e-01,1.911991685628890991e-01,5.234364420175552368e-02,1.378687620162963867e-01,2.936217188835144043e-02,-1.097196042537689209e-01,-1.583113521337509155e-01,2.548412084579467773e-01,2.721738219261169434e-01,4.113710522651672363e-01,3.808165192604064941e-01,3.456895351409912109e-01,3.914313018321990967e-01,1.235894486308097839e-01,1.862739920616149902e-01,1.523536443710327148e-01,9.213019162416458130e-02,-5.819270387291908264e-02,2.145014554262161255e-01,2.659302055835723877e-01,2.643820047378540039e-01,2.549477517604827881e-01,5.132533237338066101e-02,3.105079233646392822e-01,1.961524635553359985e-01,3.219155967235565186e-01,-1.666617840528488159e-01,3.389407694339752197e-01,-1.361364498734474182e-02,3.484816253185272217e-01,1.279682070016860962e-01,2.200023233890533447e-01,1.785548478364944458e-01,-3.315210044384002686e-01,-4.053685963153839111e-01,8.366379141807556152e-02,4.763339459896087646e-02,2.747573554515838623e-01,5.678010582923889160e-01,-1.932968646287918091e-01,-1.311500817537307739e-01,1.193323433399200439e-01,4.741683602333068848e-01,4.482789039611816406e-01,4.555769264698028564e-01,6.749607622623443604e-02,1.269647032022476196e-01,2.089666277170181274e-01,4.038953185081481934e-01,1.407128125429153442e-01,2.432634979486465454e-01,1.610307544469833374e-01,1.353254467248916626e-01,6.361071765422821045e-02,-1.835821010172367096e-02,-2.924824357032775879e-01,-3.248327970504760742e-01,-1.901336312294006348e-01,-2.261072397232055664e-01,-3.963507711887359619e-02,-1.398285180330276489e-01,1.527440845966339111e-01,1.582197248935699463e-01,1.320598870515823364e-01,2.780290786176919937e-03,4.049893021583557129e-01,2.307888418436050415e-01,2.404948472976684570e-01,-2.545486949384212494e-02,2.471626847982406616e-01,1.723505854606628418e-01,-1.444740742444992065e-01,-8.422649651765823364e-02,9.392688050866127014e-03,1.213374882936477661e-01,1.772870272397994995e-01,5.919995158910751343e-02,2.104182690382003784e-01,-4.199378192424774170e-02,-1.006286963820457458e-01,-3.987620770931243896e-02,-1.740721985697746277e-02,4.311547055840492249e-02,-6.123882904648780823e-02,5.534656345844268799e-02,-3.883721679449081421e-02,-3.945105150341987610e-02,8.203205466270446777e-02,2.349825501441955566e-01,3.279856443405151367e-01,-1.980137638747692108e-02,1.676975004374980927e-02,-4.487340897321701050e-02
1.674985699355602264e-02,3.385567665100097656e-02,3.691630065441131592e-01,2.085918635129928589e-01,1.280762702226638794e-01,-1.926780790090560913e-01,4.339305162429809570e-01,3.319158554077148438e-01,1.000000000000000000e+00,2.755291163921356201e-01,3.175013959407806396e-01,1.605680435895919800e-01,4.318298399448394775e-01,3.107101917266845703e-01,4.147709310054779053e-01,1.119558364152908325e-01,-1.402687877416610718e-01,-8.119197934865951538e-02,1.207992210984230042e-01,1.006988957524299622e-01,1.978993117809295654e-01,-3.739590101758949459e-05,1.626463234424591064e-01,-1.909132488071918488e-02,-1.705808378756046295e-02,1.825030893087387085e-02,2.794849276542663574e-01,2.244194224476814270e-02,-1.424709707498550415e-02,7.170992344617843628e-02,-1.555261388421058655e-02,7.961207628250122070e-02,6.459815055131912231e-02,1.824832260608673096e-01,1.565452069044113159e-01,1.378899067640304565e-01,-7.499787211418151855e-02,2.256954759359359741e-01,7.564379274845123291e-02,7.892210781574249268e-02,7.413283456116914749e-03,1.479822546243667603e-01,-1.456315815448760986e-02,-1.460957992821931839e-02,1.503150016069412231e-01,2.476371079683303833e-02,1.157490015029907227e-01,7.178265601396560669e-02,3.358321785926818848e-01,1.773493289947509766e-01,1.282126605510711670e-01,1.603279560804367065e-01,1.325495839118957520e-01,1.070206612348556519e-01,3.109801560640335083e-02,1.068115159869194031e-01,-1.176485493779182434e-01,-1.221962855197489262e-03,2.151456624269485474e-01,1.571970731019973755e-01,1.435093879699707031e-01,2.648363411426544189e-01,-5.544512718915939331e-02,1.912920176982879639e-02,-5.117361620068550110e-02,5.124669149518013000e-02,1.355453431606292725e-01,6.934522092342376709e-02,5.012155324220657349e-02,1.498582661151885986e-01,2.640056014060974121e-01,2.357379347085952759e-01,7.768573611974716187e-02,-1.911489851772785187e-02,1.322477906942367554e-01,-1.484275143593549728e-02,1.817229688167572021e-01,6.428553909063339233e-02,-7.565837353467941284e-02,-1.185448169708251953e-01,-3.041926585137844086e-02,-1.099069863557815552e-01,4.887573048472404480e-02,-9.199441969394683838e-02,2.206073701381683350e-02,1.345424726605415344e-02,8.677530288696289062e-02,8.208135515451431274e-02,2.290959507226943970e-01,1.805259585380554199e-01,-5.033440142869949341e-02,-1.318566594272851944e-02,-1.794550567865371704e-01,2.814052402973175049e-01,-1.954840682446956635e-02,6.095383316278457642e-02,2.403424493968486786e-02,5.245647579431533813e-02,-1.373670548200607300e-01,-1.227360218763351440e-01,1.719027310609817505e-01,1.238430440425872803e-01,-5.788858979940414429e-02,-7.291462738066911697e-03,1.330669522285461426e-01,1.483154892921447754e-01,9.983951598405838013e-02,-1.268838196992874146e-01,-9.630807489156723022e-02,-2.542523480951786041e-02,-1.433380246162414551e-01,-5.304198246449232101e-03,-8.956841775216162205e-04,-2.741982638835906982e-01,-7.523829489946365356e-02,-1.397399883717298508e-02
3.124440014362335205e-01,3.129067644476890564e-02,3.347015082836151123e-01,5.115510225296020508e-01,1.993961781263351440e-01,2.579215168952941895e-01,3.054432868957519531e-01,3.766779303550720215e-01,2.755291163921356201e-01,1.000000000000000000e+00,-2.838757075369358063e-02,3.797197341918945312e-02,1.991286575794219971e-01,1.831493079662322998e-01,2.471509575843811035e-01,5.494903326034545898e-01,-2.228146791458129883e-01,-5.926780030131340027e-02,1.648194044828414917e-01,-4.892240092158317566e-02,2.523366212844848633e-01,3.541348576545715332e-01,3.695247173309326172e-01,2.909415066242218018e-01,2.098827064037322998e-01,4.107332602143287659e-02,1.606930792331695557e-01,1.848239004611968994e-01,-4.074069857597351074e-02,4.611169174313545227e-02,9.103119373321533203e-02,7.252910640090703964e-03,2.957865595817565918e-01,2.705535888671875000e-01,2.800441086292266846e-01,2.441289573907852173e-01,9.073007851839065552e-02,1.525161266326904297e-01,1.004069373011589050e-01,1.957692950963973999e-01,-8.063948154449462891e-02,1.101398766040802002e-01,2.036865353584289551e-01,2.056445181369781494e-01,-3.989032004028558731e-03,1.245302241295576096e-02,1.308581382036209106e-01,1.003893017768859863e-01,2.854840159416198730e-01,-1.277746111154556274e-01,3.099465966224670410e-01,5.181940272450447083e-02,1.565223932266235352e-01,8.593390136957168579e-02,2.427600473165512085e-01,3.216747343540191650e-01,-1.508411318063735962e-01,-3.701771423220634460e-02,2.359463125467300415e-01,1.496592909097671509e-01,3.989989459514617920e-01,4.135622978210449219e-01,-4.215718060731887817e-02,-4.008429124951362610e-02,4.099612534046173096e-01,5.242242217063903809e-01,3.109968900680541992e-01,3.572237193584442139e-01,8.985994756221771240e-02,8.591638505458831787e-02,2.132765203714370728e-01,2.146239876747131348e-01,-2.344184368848800659e-02,4.916470870375633240e-02,9.826336801052093506e-02,7.216663658618927002e-02,5.689053237438201904e-02,1.546652913093566895e-01,-1.283346414566040039e-01,5.443697422742843628e-02,-1.013813018798828125e-01,7.905866950750350952e-02,7.887402921915054321e-02,8.733456954360008240e-03,3.008682131767272949e-01,3.121195733547210693e-01,1.063326597213745117e-01,1.008720025420188904e-01,3.211063742637634277e-01,1.754327416419982910e-01,1.023182421922683716e-01,9.272181242704391479e-02,1.538621932268142700e-01,1.604337096214294434e-01,-1.115106269717216492e-01,7.442582398653030396e-02,2.313258349895477295e-01,9.040057659149169922e-02,1.279035359621047974e-01,2.072306126356124878e-01,9.417813271284103394e-02,-1.554440148174762726e-02,-1.221109479665756226e-01,-1.409182101488113403e-01,-7.192101329565048218e-02,3.453647345304489136e-02,-9.481738507747650146e-02,-1.232913285493850708e-01,-1.352888047695159912e-01,1.115408614277839661e-01,9.351453930139541626e-02,1.489802598953247070e-01,1.534153074026107788e-01,-1.430981606245040894e-01,1.203337386250495911e-01,-7.572354376316070557e-02
4.636668562889099121e-01,3.851782381534576416e-01,3.239171504974365234e-01,2.909804321825504303e-02,1.907795071601867676e-01,1.345357149839401245e-01,2.995303273200988770e-01,1.207066774368286133e-01,3.175013959407806396e-01,-2.838757075369358063e-02,1.000000000000000000e+00,4.426903426647186279e-01,7.471305131912231445e-01,3.907031416893005371e-01,6.067716479301452637e-01,2.572925686836242676e-01,3.922673761844635010e-01,3.021098375320434570e-01,5.738480091094970703e-01,5.757271647453308105e-01,1.549731343984603882e-01,2.504172921180725098e-01,4.578980617225170135e-03,-1.515297871083021164e-02,-1.027696058154106140e-01,-1.226281970739364624e-01,1.967923641204833984e-01,1.276223510503768921e-01,4.548920094966888428e-01,3.518244326114654541e-01,-3.771300241351127625e-02,2.435842901468276978e-02,2.171118557453155518e-01,2.792200446128845215e-01,-9.644197672605514526e-02,-1.115960534662008286e-02,-6.476549804210662842e-02,-1.025267094373703003e-01,1.900618821382522583e-01,1.704936772584915161e-01,1.355864554643630981e-01,1.632784605026245117e-01,2.741875648498535156e-01,3.005723953247070312e-01,1.112356185913085938e-01,1.530590057373046875e-01,3.514594733715057373e-01,1.112657934427261353e-01,2.834366559982299805e-01,5.273190140724182129e-01,1.537044644355773926e-01,4.637993574142456055e-01,1.672649681568145752e-01,2.974712252616882324e-01,2.799065709114074707e-01,3.266943991184234619e-01,4.001509845256805420e-01,3.032014369964599609e-01,4.096713960170745850e-01,2.891267240047454834e-01,3.010152876377105713e-01,5.231276899576187134e-02,3.712769746780395508e-01,4.028614461421966553e-01,-5.634677596390247345e-03,-7.539253681898117065e-03,1.272192597389221191e-01,-7.535970211029052734e-02,5.609928965568542480e-01,6.317158937454223633e-01,8.854988962411880493e-02,7.800360210239887238e-03,4.017527401447296143e-01,2.775088548660278320e-01,1.285768598318099976e-01,6.271779537200927734e-02,1.768689751625061035e-01,-1.028296798467636108e-01,3.298929929733276367e-01,1.986515074968338013e-01,4.261453151702880859e-01,3.078176081180572510e-01,4.316625595092773438e-01,2.890198528766632080e-01,3.935216367244720459e-01,8.173935860395431519e-02,3.310081064701080322e-01,1.221553459763526917e-01,3.097715079784393311e-01,3.288593292236328125e-01,-2.093710750341415405e-01,1.526881158351898193e-01,-3.656978011131286621e-01,1.311936676502227783e-01,-3.925008699297904968e-02,1.437020450830459595e-01,1.989921182394027710e-01,2.222297042608261108e-01,9.183790534734725952e-03,3.837260603904724121e-02,9.711424261331558228e-02,-1.822434961795806885e-01,-3.369556739926338196e-02,-1.808191239833831787e-01,-2.151849418878555298e-01,-1.261738836765289307e-01,-1.105867102742195129e-01,-7.139372080564498901e-02,1.952655464410781860e-01,2.078423500061035156e-01,2.123854160308837891e-01,-2.239316329360008240e-02,1.719142347574234009e-01,2.896350026130676270e-01,-2.313487976789474487e-01,-1.474007964134216309e-01
4.620406329631805420e-01,4.246864020824432373e-01,-1.205013617873191833e-01,6.230556592345237732e-02,9.247401356697082520e-02,2.591620981693267822e-01,-1.518048644065856934e-01,1.239159032702445984e-01,1.605680435895919800e-01,3.797197341918945312e-02,4.426903426647186279e-01,1.000000000000000000e+00,2.666158080101013184e-01,3.944843411445617676e-01,1.466010659933090210e-01,2.605524957180023193e-01,4.655725657939910889e-01,5.376626849174499512e-01,4.095580875873565674e-01,5.544007420539855957e-01,1.347451955080032349e-01,2.693939507007598877e-01,-1.176690757274627686e-01,-3.462896868586540222e-02,-2.314713448286056519e-01,-1.303632855415344238e-01,5.587851256132125854e-02,2.487859278917312622e-01,4.865620136260986328e-01,3.889366686344146729e-01,1.727485284209251404e-02,8.433837443590164185e-02,2.194257676601409912e-01,3.505126237869262695e-01,-1.489531844854354858e-01,-2.928184531629085541e-02,2.265341281890869141e-01,1.004377380013465881e-01,3.163121640682220459e-01,3.754447400569915771e-01,2.657847106456756592e-01,4.574971199035644531e-01,6.962516158819198608e-02,2.314454317092895508e-01,6.876046955585479736e-02,3.120758831501007080e-01,3.468890190124511719e-01,1.468914300203323364e-01,3.951881229877471924e-01,4.929797649383544922e-01,4.096224904060363770e-01,5.785517096519470215e-01,1.872232109308242798e-01,2.539637982845306396e-01,3.673386871814727783e-01,4.960825443267822266e-01,4.781391918659210205e-01,5.226820707321166992e-01,5.082753896713256836e-01,4.844987690448760986e-01,3.334724903106689453e-01,6.772076245397329330e-03,5.683542490005493164e-01,7.064226269721984863e-01,4.211097955703735352e-02,-7.915806025266647339e-02,1.222238913178443909e-01,8.294105529785156250e-02,2.800941169261932373e-01,4.018904268741607666e-01,3.952688351273536682e-02,-4.116449132561683655e-02,3.119034469127655029e-01,4.677205979824066162e-01,-9.696252644062042236e-03,1.288900673389434814e-01,2.930769324302673340e-01,2.186506688594818115e-01,4.211452901363372803e-01,4.385461509227752686e-01,4.255087971687316895e-01,3.547185361385345459e-01,2.696201503276824951e-01,4.237006306648254395e-01,2.587084174156188965e-01,1.486405730247497559e-01,3.121215701103210449e-01,1.870753467082977295e-01,1.968559473752975464e-01,3.721777796745300293e-01,-1.887086182832717896e-01,-6.554806232452392578e-02,-2.767439186573028564e-01,1.777451336383819580e-01,-2.349805235862731934e-01,7.505020499229431152e-02,1.894942224025726318e-01,1.653399020433425903e-01,1.534305065870285034e-01,1.891174614429473877e-01,2.775592803955078125e-01,-3.751234337687492371e-02,-2.608054317533969879e-03,-1.216095015406608582e-01,-3.276138007640838623e-01,-2.011688798666000366e-01,-1.735442578792572021e-01,-5.082258209586143494e-02,-3.442582488059997559e-02,8.827285468578338623e-02,2.428395003080368042e-01,-3.373956680297851562e-02,-6.764241307973861694e-02,1.643373221158981323e-01,-2.548759281635284424e-01,-3.172347247600555420e-01
3.753460943698883057e-01,2.604540884494781494e-01,4.365243017673492432e-01,1.520661860704421997e-01,1.059219464659690857e-01,1.802809685468673706e-01,3.601942956447601318e-01,2.134870886802673340e-01,4.318298399448394775e-01,1.991286575794219971e-01,7.471305131912231445e-01,2.666158080101013184e-01,1.000000000000000000e+00,4.717176556587219238e-01,7.003878355026245117e-01,3.756223022937774658e-01,1.580926924943923950e-01,1.041506677865982056e-01,3.828667402267456055e-01,3.578814268112182617e-01,2.077622711658477783e-01,2.518431246280670166e-01,1.592383533716201782e-01,1.298137754201889038e-01,2.007837221026420593e-02,-1.473416923545300961e-03,1.688382029533386230e-01,1.340345293283462524e-01,3.022945821285247803e-01,2.592793405055999756e-01,8.356752805411815643e-04,-6.002290174365043640e-03,1.546999216079711914e-01,2.013812065124511719e-01,-2.380093187093734741e-02,1.157249696552753448e-02,-7.830111682415008545e-02,-1.986567489802837372e-02,8.237498998641967773e-02,1.305909901857376099e-01,8.204091340303421021e-02,6.440479308366775513e-02,1.522988080978393555e-01,1.871035844087600708e-01,7.306777685880661011e-02,1.344548672932432964e-05,1.566865146160125732e-01,1.036250405013561249e-02,3.466493487358093262e-01,4.488910734653472900e-01,1.132243350148200989e-01,3.853972256183624268e-01,1.023648679256439209e-01,1.279812604188919067e-01,2.209093570709228516e-01,2.641761302947998047e-01,1.399273425340652466e-01,1.931490600109100342e-01,4.220840930938720703e-01,2.663474380970001221e-01,3.697718977928161621e-01,2.121061980724334717e-01,1.689205169677734375e-01,1.999947428703308105e-01,1.103025153279304504e-01,1.465950459241867065e-01,1.095503643155097961e-01,-3.556787595152854919e-02,5.294672846794128418e-01,5.481343269348144531e-01,2.359239310026168823e-01,1.876890808343887329e-01,3.202960193157196045e-01,1.110038980841636658e-01,1.849078088998794556e-01,-3.306230530142784119e-02,8.658646047115325928e-02,-4.875569045543670654e-02,2.230292111635208130e-01,1.553661376237869263e-01,3.286721408367156982e-01,3.245988488197326660e-01,4.477889537811279297e-01,1.592657566070556641e-01,4.235540926456451416e-01,1.180498972535133362e-01,3.490194976329803467e-01,1.720811128616333008e-01,3.173111081123352051e-01,2.862565815448760986e-01,-1.961681991815567017e-01,2.160433083772659302e-01,-3.138858675956726074e-01,8.056312799453735352e-02,-1.077967733144760132e-01,1.107232198119163513e-01,1.481243968009948730e-01,1.472643911838531494e-01,-1.419576853513717651e-01,5.477691441774368286e-02,-1.910854317247867584e-02,-9.081742167472839355e-02,-1.445800215005874634e-01,-1.631605029106140137e-01,-1.321424841880798340e-01,1.471312716603279114e-02,-3.798158839344978333e-02,-5.159310624003410339e-02,1.204826682806015015e-01,9.312012046575546265e-02,2.133665420114994049e-02,-1.545208990573883057e-01,8.122050017118453979e-02,4.122797399759292603e-02,-1.131958663463592529e-01,-1.584112495183944702e-01
