1.000000000000000000e+00,8.109913468360900879e-01,6.039690971374511719e-01,6.624696850776672363e-01,5.193001627922058105e-01,4.678918719291687012e-01,6.459297537803649902e-01,7.597262859344482422e-01,4.596671760082244873e-01,4.304192066192626953e-01,8.079771995544433594e-01,8.278928995132446289e-01,7.618108987808227539e-01,7.141695022583007812e-01,6.784689426422119141e-01,4.970061182975769043e-01,6.861420869827270508e-01,7.067815065383911133e-01,7.226170897483825684e-01,7.649039626121520996e-01,3.347557187080383301e-01,3.687604367733001709e-01,4.477264881134033203e-01,5.005102157592773438e-01,4.470162093639373779e-01,4.436263740062713623e-01,4.522066116333007812e-01,3.772879838943481445e-01,6.790151000022888184e-01,5.014802813529968262e-01,4.596056938171386719e-01,3.935788273811340332e-01,6.747028231620788574e-01,6.019365191459655762e-01,5.228044390678405762e-01,5.009055137634277344e-01,2.898930013179779053e-01,-4.004932940006256104e-01,4.910545349121093750e-01,2.657429315149784088e-02,3.360532820224761963e-01,-2.010081857442855835e-01,5.601977109909057617e-01,6.303656697273254395e-01,2.848345339298248291e-01,5.655947327613830566e-01,6.529369950294494629e-01,5.606521964073181152e-01,1.462260782718658447e-01,5.471154451370239258e-01,3.509279489517211914e-01,6.155570745468139648e-01,6.025058627128601074e-01,6.212478280067443848e-01,6.817488670349121094e-01,6.741628050804138184e-01,8.113026022911071777e-01,7.563551664352416992e-01,7.082882523536682129e-01,6.103672981262207031e-01,8.253163695335388184e-01,5.770673155784606934e-01,7.484779357910156250e-01,6.593999862670898438e-01,4.378111362457275391e-01,3.794924020767211914e-01,5.195344686508178711e-01,4.428707957267761230e-01,6.780173778533935547e-01,5.715721845626831055e-01,5.594015121459960938e-01,6.293343305587768555e-01,5.381298065185546875e-01,3.803771436214447021e-01,-1.030063182115554810e-01,2.739886045455932617e-01,3.055917322635650635e-01,9.300116449594497681e-02,6.734812259674072266e-01,6.605508327484130859e-01,7.773453593254089355e-01,6.660817265510559082e-01,5.425384640693664551e-01,4.573881030082702637e-01,6.314899921417236328e-01,6.016939878463745117e-01,2.715314328670501709e-01,3.267089426517486572e-01,5.643091201782226562e-01,5.742443203926086426e-01,5.312073230743408203e-01,3.304131925106048584e-01,3.816722631454467773e-01,2.727808952331542969e-01,-2.093384116888046265e-01,-6.166904047131538391e-02,3.379718065261840820e-01,1.769641637802124023e-01,6.731292009353637695e-01,6.644845008850097656e-01,-1.746522448956966400e-02,1.710052937269210815e-01,3.526850938796997070e-01,8.923657238483428955e-03,-2.992319762706756592e-01,-4.211716651916503906e-01,-1.828660443425178528e-02,2.408159524202346802e-01,-2.419490218162536621e-01,8.394601941108703613e-02,6.687160134315490723e-01,3.872051239013671875e-01,2.900193929672241211e-01,9.769279509782791138e-02,8.122345432639122009e-03,-5.544730424880981445e-01
8.109913468360900879e-01,1.000000000000000000e+00,4.401606917381286621e-01,5.512941479682922363e-01,4.031388163566589355e-01,3.657478392124176025e-01,4.896658062934875488e-01,6.519644856452941895e-01,4.483988881111145020e-01,3.774197995662689209e-01,6.212417483329772949e-01,7.357106208801269531e-01,5.347674489021301270e-01,5.437168478965759277e-01,4.896706342697143555e-01,4.055835008621215820e-01,7.010594010353088379e-01,7.371379733085632324e-01,5.998438596725463867e-01,7.522434592247009277e-01,2.275364696979522705e-01,2.618606090545654297e-01,3.541651964187622070e-01,4.050064384937286377e-01,2.738258242607116699e-01,3.413310050964355469e-01,4.399720132350921631e-01,3.456121683120727539e-01,6.045964360237121582e-01,4.470745921134948730e-01,3.510138690471649170e-01,2.709075510501861572e-01,6.118506193161010742e-01,6.036915779113769531e-01,5.404559969902038574e-01,5.182984471321105957e-01,2.152375578880310059e-01,-3.132970333099365234e-01,3.871411085128784180e-01,2.747830748558044434e-02,2.753157019615173340e-01,-1.288269311189651489e-01,5.826704502105712891e-01,6.407524943351745605e-01,3.126987814903259277e-01,5.054823160171508789e-01,6.448553800582885742e-01,4.674371182918548584e-01,6.172749027609825134e-02,5.720850825309753418e-01,2.613935172557830811e-01,5.146855115890502930e-01,5.231032967567443848e-01,4.701362848281860352e-01,6.186937689781188965e-01,5.583599805831909180e-01,8.673169612884521484e-01,7.901139855384826660e-01,5.983111858367919922e-01,5.266543030738830566e-01,6.748412251472473145e-01,4.178251922130584717e-01,6.613598465919494629e-01,6.539581418037414551e-01,2.628143727779388428e-01,2.315999269485473633e-01,4.292031228542327881e-01,3.931772410869598389e-01,5.153202414512634277e-01,4.137296974658966064e-01,4.494670033454895020e-01,6.306920647621154785e-01,4.821346104145050049e-01,4.425888955593109131e-01,-6.502977013587951660e-02,3.061155676841735840e-01,2.566596269607543945e-01,4.229183122515678406e-02,6.576725840568542480e-01,5.796577930450439453e-01,7.027489542961120605e-01,5.996087789535522461e-01,4.287824928760528564e-01,4.141097366809844971e-01,5.135849714279174805e-01,4.717118740081787109e-01,1.824652999639511108e-01,3.571060895919799805e-01,4.807362854480743408e-01,4.154591560363769531e-01,5.213916301727294922e-01,1.479361355304718018e-01,3.377951383590698242e-01,2.173937708139419556e-01,-1.232661455869674683e-01,-1.051814481616020203e-01,2.570572793483734131e-01,2.257161438465118408e-01,6.615052223205566406e-01,5.892811417579650879e-01,5.942859128117561340e-02,7.646442204713821411e-02,3.373132646083831787e-01,1.235274947248399258e-03,-1.705820560455322266e-01,-4.337168633937835693e-01,4.094442725181579590e-02,2.864967584609985352e-01,-1.466154009103775024e-01,6.871523708105087280e-02,6.136971712112426758e-01,4.158611893653869629e-01,2.544263005256652832e-01,7.297282665967941284e-02,-1.012952104210853577e-01,-5.884373784065246582e-01
6.039690971374511719e-01,4.401606917381286621e-01,1.000000000000000000e+00,7.810155749320983887e-01,4.484989643096923828e-01,5.139108300209045410e-01,7.608104348182678223e-01,7.126429080963134766e-01,2.958093285560607910e-01,4.047689437866210938e-01,4.839747548103332520e-01,4.889876842498779297e-01,5.086088776588439941e-01,5.717771649360656738e-01,7.306314706802368164e-01,4.909097552299499512e-01,3.581546843051910400e-01,4.037421941757202148e-01,7.506793141365051270e-01,6.714395880699157715e-01,5.442609786987304688e-01,4.393230676651000977e-01,8.043716549873352051e-01,7.645581364631652832e-01,6.290664076805114746e-01,7.251691818237304688e-01,2.977289259433746338e-01,3.113698959350585938e-01,4.911911785602569580e-01,3.986519277095794678e-01,5.887682437896728516e-01,6.290571093559265137e-01,7.350040078163146973e-01,7.151456475257873535e-01,7.192082405090332031e-01,6.735529899597167969e-01,4.119395613670349121e-01,-1.221160888671875000e-01,4.797486662864685059e-01,8.238399028778076172e-02,4.005690813064575195e-01,-3.760074451565742493e-02,6.898484230041503906e-01,6.441170573234558105e-01,5.181124210357666016e-01,7.143151164054870605e-01,6.870700716972351074e-01,6.388235092163085938e-01,2.931388020515441895e-01,2.412591576576232910e-01,5.642755627632141113e-01,5.329676270484924316e-01,5.667886137962341309e-01,6.497989892959594727e-01,6.637455821037292480e-01,6.237703561782836914e-01,4.963736832141876221e-01,5.037301778793334961e-01,6.572386622428894043e-01,5.251187086105346680e-01,5.036534667015075684e-01,5.346816778182983398e-01,4.508880376815795898e-01,3.140258193016052246e-01,7.942504286766052246e-01,5.589718818664550781e-01,7.587489485740661621e-01,7.234366536140441895e-01,6.431561708450317383e-01,6.098192930221557617e-01,6.102973222732543945e-01,6.221005916595458984e-01,6.008731126785278320e-01,1.426045596599578857e-01,1.453356146812438965e-01,5.435658618807792664e-02,2.180221229791641235e-01,1.360677480697631836e-01,4.753641784191131592e-01,5.197517275810241699e-01,5.541201233863830566e-01,5.409232974052429199e-01,6.172110438346862793e-01,2.809947729110717773e-01,6.930707097053527832e-01,5.072418451309204102e-01,4.707912504673004150e-01,2.100218534469604492e-01,5.569926500320434570e-01,5.237262248992919922e-01,5.317451357841491699e-01,3.305802047252655029e-01,4.642751812934875488e-01,2.560253143310546875e-01,-3.825621008872985840e-01,-1.373135596513748169e-01,2.529621720314025879e-01,1.572511494159698486e-01,6.009892821311950684e-01,5.365768074989318848e-01,-2.365129254758358002e-02,1.783401705324649811e-02,2.459358721971511841e-01,-1.137477308511734009e-01,-1.759773194789886475e-01,-2.945646941661834717e-01,-8.494339883327484131e-03,2.959008216857910156e-01,-3.559591472148895264e-01,4.422900825738906860e-02,5.907568931579589844e-01,1.822606474161148071e-01,1.629588454961776733e-01,7.715989649295806885e-02,2.668801546096801758e-01,-4.178153872489929199e-01
6.624696850776672363e-01,5.512941479682922363e-01,7.810155749320983887e-01,1.000000000000000000e+00,6.311215162277221680e-01,6.932224631309509277e-01,6.605681777000427246e-01,8.549658060073852539e-01,4.066359996795654297e-01,6.055802106857299805e-01,4.701780080795288086e-01,6.035486459732055664e-01,5.032387375831604004e-01,6.682054996490478516e-01,7.127450704574584961e-01,6.784930825233459473e-01,3.632259964942932129e-01,3.938604593276977539e-01,6.563715934753417969e-01,7.180917859077453613e-01,6.027246713638305664e-01,6.047122478485107422e-01,7.376676201820373535e-01,8.427503705024719238e-01,6.405391097068786621e-01,7.263658046722412109e-01,5.806171894073486328e-01,6.183025240898132324e-01,3.797762691974639893e-01,2.672239243984222412e-01,6.412558555603027344e-01,6.310831904411315918e-01,7.568375468254089355e-01,7.380257844924926758e-01,7.016332149505615234e-01,7.230236530303955078e-01,4.958421885967254639e-01,-2.475244998931884766e-01,5.989235043525695801e-01,2.128055244684219360e-01,4.239482581615447998e-01,-9.261744469404220581e-02,6.872525215148925781e-01,7.649811506271362305e-01,4.618205428123474121e-01,7.602682709693908691e-01,7.155345678329467773e-01,6.687418222427368164e-01,3.111664950847625732e-01,5.148776173591613770e-01,5.979920029640197754e-01,6.694551110267639160e-01,6.164218187332153320e-01,6.880489587783813477e-01,7.162074446678161621e-01,7.568228840827941895e-01,5.575836896896362305e-01,6.201169490814208984e-01,6.695564985275268555e-01,7.145160436630249023e-01,5.752009749412536621e-01,6.955076456069946289e-01,4.433052539825439453e-01,4.925832450389862061e-01,6.837229132652282715e-01,7.193372845649719238e-01,7.122585773468017578e-01,7.553809881210327148e-01,7.052021622657775879e-01,6.574692726135253906e-01,5.804000496864318848e-01,6.548441648483276367e-01,4.144265055656433105e-01,1.239216923713684082e-01,-1.196484714746475220e-01,8.136051148176193237e-02,2.866147160530090332e-01,2.165659964084625244e-01,4.817669093608856201e-01,4.697522521018981934e-01,5.858828425407409668e-01,5.813981890678405762e-01,5.574691295623779297e-01,4.214432239532470703e-01,7.207233309745788574e-01,7.032502293586730957e-01,2.979127168655395508e-01,4.369300007820129395e-01,6.140432357788085938e-01,7.015157341957092285e-01,5.708545446395874023e-01,3.653411269187927246e-01,4.768884778022766113e-01,2.715675234794616699e-01,-3.391121923923492432e-01,-9.008253365755081177e-02,2.755635678768157959e-01,1.710892915725708008e-01,6.185348629951477051e-01,5.806827545166015625e-01,6.219374481588602066e-03,-2.744157798588275909e-02,3.875164687633514404e-01,-1.015848591923713684e-01,-1.935926079750061035e-01,-3.367121219635009766e-01,-6.273575872182846069e-02,3.630600869655609131e-01,-3.612379133701324463e-01,8.379317820072174072e-02,5.948920845985412598e-01,2.354270368814468384e-01,1.561931073665618896e-01,3.487968817353248596e-02,8.739371597766876221e-02,-5.795937180519104004e-01
5.193001627922058105e-01,4.031388163566589355e-01,4.484989643096923828e-01,6.311215162277221680e-01,1.000000000000000000e+00,6.798781752586364746e-01,4.712059795856475830e-01,6.231918931007385254e-01,3.312148749828338623e-01,6.004906892776489258e-01,3.770042061805725098e-01,4.542030096054077148e-01,3.598113059997558594e-01,5.257272124290466309e-01,5.036226511001586914e-01,5.096217393875122070e-01,1.501014381647109985e-01,1.773937195539474487e-01,3.243782818317413330e-01,3.430666625499725342e-01,3.977615535259246826e-01,4.508785605430603027e-01,3.319434821605682373e-01,4.633571505546569824e-01,6.065561175346374512e-01,4.089947342872619629e-01,7.583303451538085938e-01,6.436541080474853516e-01,6.028380244970321655e-02,3.311319742351770401e-03,3.603899180889129639e-01,2.095275968313217163e-01,4.324802160263061523e-01,3.801824152469635010e-01,4.598729312419891357e-01,4.830328822135925293e-01,3.286500871181488037e-01,-2.738222777843475342e-01,4.198653101921081543e-01,1.155426576733589172e-01,2.960051894187927246e-01,-2.705920040607452393e-01,3.107158839702606201e-01,5.063026547431945801e-01,1.332361400127410889e-01,4.398144185543060303e-01,3.737700581550598145e-01,4.350815713405609131e-01,1.092922687530517578e-01,4.539169371128082275e-01,1.907325983047485352e-01,5.829992294311523438e-01,3.675445318222045898e-01,4.027343988418579102e-01,4.676733613014221191e-01,5.709365010261535645e-01,3.804390132427215576e-01,5.469816327095031738e-01,4.890201985836029053e-01,6.926090717315673828e-01,6.358435153961181641e-01,5.708996057510375977e-01,3.012982904911041260e-01,4.677467644214630127e-01,4.201466441154479980e-01,4.545494914054870605e-01,4.260816574096679688e-01,4.752541482448577881e-01,4.732975661754608154e-01,5.309629440307617188e-01,3.755426406860351562e-01,3.312270939350128174e-01,6.372901052236557007e-02,-8.539170771837234497e-02,-3.627991974353790283e-01,1.845306833274662495e-03,3.559928834438323975e-01,3.825128376483917236e-01,1.238340213894844055e-01,1.556030809879302979e-01,2.858626544475555420e-01,3.198344707489013672e-01,3.103730380535125732e-01,3.974483609199523926e-01,4.859201312065124512e-01,5.891151428222656250e-01,9.041414409875869751e-02,4.775247573852539062e-01,5.134508013725280762e-01,6.248140931129455566e-01,3.825508654117584229e-01,3.952797651290893555e-01,3.426498770713806152e-01,2.979550659656524658e-01,-2.507819831371307373e-01,-1.696448922157287598e-01,1.323178708553314209e-01,-7.720427215099334717e-02,3.916117250919342041e-01,4.823508262634277344e-01,1.075571775436401367e-01,4.426661133766174316e-02,4.786571264266967773e-01,9.053201973438262939e-02,-1.085661947727203369e-01,-2.479819357395172119e-01,-7.448323536664247513e-03,2.712155878543853760e-01,-2.286595106124877930e-01,1.173290014266967773e-01,3.383927047252655029e-01,1.796599775552749634e-01,2.876228392124176025e-01,-6.896585971117019653e-02,-3.775537386536598206e-02,-3.373373150825500488e-01
4.678918719291687012e-01,3.657478392124176025e-01,5.139108300209045410e-01,6.932224631309509277e-01,6.798781752586364746e-01,1.000000000000000000e+00,3.976487815380096436e-01,6.588609218597412109e-01,2.718285024166107178e-01,6.608167290687561035e-01,3.115290701389312744e-01,4.130193591117858887e-01,3.242389261722564697e-01,4.428999722003936768e-01,5.540400147438049316e-01,5.876935124397277832e-01,2.949882149696350098e-01,3.143404424190521240e-01,3.728280663490295410e-01,3.734079599380493164e-01,6.145347952842712402e-01,5.897800922393798828e-01,5.194441676139831543e-01,6.474750041961669922e-01,5.575311779975891113e-01,7.018760442733764648e-01,5.829286575317382812e-01,6.198847889900207520e-01,2.754139304161071777e-01,2.854179441928863525e-01,4.271726608276367188e-01,4.315281510353088379e-01,5.538401603698730469e-01,5.239326357841491699e-01,5.494572520256042480e-01,5.843467116355895996e-01,6.259665489196777344e-01,-1.142547186464071274e-02,6.908946633338928223e-01,3.031676113605499268e-01,6.174722909927368164e-01,1.556019634008407593e-01,4.583741724491119385e-01,5.784322023391723633e-01,3.396220505237579346e-01,5.472192764282226562e-01,4.520883560180664062e-01,3.916960060596466064e-01,2.282446026802062988e-01,5.027140974998474121e-01,4.067035615444183350e-01,5.361999869346618652e-01,3.152345120906829834e-01,4.542424678802490234e-01,5.774564743041992188e-01,6.052519679069519043e-01,4.059118032455444336e-01,4.529054164886474609e-01,5.665999650955200195e-01,5.567529797554016113e-01,5.502565503120422363e-01,6.117672324180603027e-01,3.160017430782318115e-01,4.126196205615997314e-01,5.478100180625915527e-01,5.556296706199645996e-01,4.856078028678894043e-01,5.086051225662231445e-01,5.288951396942138672e-01,5.134286880493164062e-01,2.923595011234283447e-01,5.038381218910217285e-01,2.408096492290496826e-01,9.049760550260543823e-02,-2.476444989442825317e-01,-6.626404821872711182e-02,3.362431824207305908e-01,4.044675529003143311e-01,3.060649037361145020e-01,3.945228755474090576e-01,4.718441069126129150e-01,4.024237990379333496e-01,4.748526513576507568e-01,4.432175457477569580e-01,5.954256653785705566e-01,5.453406572341918945e-01,2.735238373279571533e-01,3.013826310634613037e-01,5.742155313491821289e-01,4.291439652442932129e-01,3.941626846790313721e-01,1.224748268723487854e-01,2.251595854759216309e-01,3.719001263380050659e-02,-1.653150320053100586e-01,-4.552347213029861450e-02,1.820461899042129517e-01,6.275163032114505768e-03,4.245417118072509766e-01,4.695903658866882324e-01,2.205766178667545319e-02,-1.581425368785858154e-01,2.779205739498138428e-01,-1.126792430877685547e-01,-2.609862387180328369e-01,-2.104743272066116333e-01,-2.587053775787353516e-01,2.810004055500030518e-01,-5.450519546866416931e-02,1.380414217710494995e-01,3.196938335895538330e-01,1.386146992444992065e-01,3.700443357229232788e-02,-9.359056502580642700e-02,-4.539467394351959229e-02,-2.017739266157150269e-01
6.459297537803649902e-01,4.896658062934875488e-01,7.608104348182678223e-01,6.605681777000427246e-01,4.712059795856475830e-01,3.976487815380096436e-01,1.000000000000000000e+00,7.272968292236328125e-01,5.453543066978454590e-01,5.100794434547424316e-01,5.622502565383911133e-01,5.730499625205993652e-01,5.924370288848876953e-01,6.161596179008483887e-01,6.555265784263610840e-01,5.062456130981445312e-01,3.644857108592987061e-01,4.438147842884063721e-01,6.818668246269226074e-01,6.790838837623596191e-01,3.458694517612457275e-01,2.285574823617935181e-01,5.968374013900756836e-01,5.843726396560668945e-01,4.708367884159088135e-01,5.408315658569335938e-01,3.035883307456970215e-01,2.092804610729217529e-01,5.288705229759216309e-01,3.612026870250701904e-01,5.309048295021057129e-01,5.411920547485351562e-01,6.404775977134704590e-01,6.218615174293518066e-01,5.458568334579467773e-01,4.902589917182922363e-01,2.578269541263580322e-01,-2.636615037918090820e-01,3.823267221450805664e-01,-1.097793728113174438e-01,2.479794174432754517e-01,-2.799956798553466797e-01,4.776543378829956055e-01,4.919802844524383545e-01,4.050610065460205078e-01,5.122545957565307617e-01,5.449494719505310059e-01,4.735928177833557129e-01,2.428713291883468628e-01,3.562513589859008789e-01,3.942998349666595459e-01,4.604867100715637207e-01,4.525077641010284424e-01,5.403953790664672852e-01,5.630045533180236816e-01,5.250236392021179199e-01,5.179167389869689941e-01,4.284522533416748047e-01,5.153301954269409180e-01,4.119197130203247070e-01,5.578770041465759277e-01,5.716321468353271484e-01,5.461444258689880371e-01,4.153699874877929688e-01,6.296932697296142578e-01,3.918159902095794678e-01,5.579020977020263672e-01,4.930769801139831543e-01,4.981984794139862061e-01,4.754885137081146240e-01,5.149937272071838379e-01,5.559912919998168945e-01,5.947958827018737793e-01,2.368707060813903809e-01,3.472769632935523987e-02,1.918328106403350830e-01,9.217787533998489380e-02,1.941707357764244080e-02,4.291883111000061035e-01,4.236837327480316162e-01,5.194361209869384766e-01,6.354442238807678223e-01,4.294410347938537598e-01,2.688608467578887939e-01,5.234038233757019043e-01,5.501191616058349609e-01,3.535321950912475586e-01,2.376856058835983276e-01,3.866528272628784180e-01,5.928274393081665039e-01,4.312113821506500244e-01,4.246902465820312500e-01,3.879661858081817627e-01,3.123168051242828369e-01,-2.656643986701965332e-01,-1.094939708709716797e-01,2.837216854095458984e-01,1.868268996477127075e-01,5.349201560020446777e-01,5.170922279357910156e-01,-1.472191363573074341e-01,1.571806371212005615e-01,1.997054070234298706e-01,3.678151592612266541e-02,-2.526769340038299561e-01,-3.035456240177154541e-01,-5.742828920483589172e-02,2.127000242471694946e-01,-3.208066225051879883e-01,2.756313979625701904e-02,6.126719117164611816e-01,3.024315536022186279e-01,2.558953464031219482e-01,1.538698971271514893e-01,1.977720260620117188e-01,-4.391077458858489990e-01
7.597262859344482422e-01,6.519644856452941895e-01,7.126429080963134766e-01,8.549658060073852539e-01,6.231918931007385254e-01,6.588609218597412109e-01,7.272968292236328125e-01,1.000000000000000000e+00,4.521048963069915771e-01,6.655202507972717285e-01,6.116791963577270508e-01,7.687619924545288086e-01,5.662088990211486816e-01,7.382464408874511719e-01,7.106406688690185547e-01,6.271684169769287109e-01,5.135406851768493652e-01,5.201544761657714844e-01,6.961626410484313965e-01,7.446106672286987305e-01,4.724484086036682129e-01,5.226282477378845215e-01,6.481903791427612305e-01,7.322427630424499512e-01,5.458091497421264648e-01,6.381534934043884277e-01,4.847512841224670410e-01,4.540520310401916504e-01,5.034360885620117188e-01,4.304878711700439453e-01,6.345362663269042969e-01,5.966131091117858887e-01,7.766196727752685547e-01,7.717536091804504395e-01,7.066671252250671387e-01,7.138446569442749023e-01,5.052689313888549805e-01,-3.569523394107818604e-01,5.536451935768127441e-01,8.725429885089397430e-03,4.408529102802276611e-01,-1.916932314634323120e-01,6.579765677452087402e-01,7.273562550544738770e-01,4.550493359565734863e-01,6.845985651016235352e-01,7.091611027717590332e-01,6.351588964462280273e-01,1.682517379522323608e-01,5.361102223396301270e-01,4.276163876056671143e-01,6.503847241401672363e-01,6.000298857688903809e-01,6.624786257743835449e-01,7.339661121368408203e-01,7.334803342819213867e-01,6.528699398040771484e-01,6.670954823493957520e-01,6.759679913520812988e-01,6.953785419464111328e-01,7.101084589958190918e-01,7.942227125167846680e-01,5.907427072525024414e-01,6.414622664451599121e-01,6.576315760612487793e-01,6.339993476867675781e-01,6.697075963020324707e-01,6.651090979576110840e-01,6.842787265777587891e-01,6.395440101623535156e-01,6.544735431671142578e-01,7.585285305976867676e-01,4.958728849887847900e-01,2.880347073078155518e-01,-1.509441137313842773e-01,1.766924411058425903e-01,4.327386021614074707e-01,2.565176784992218018e-01,5.640491843223571777e-01,5.380139350891113281e-01,6.962636113166809082e-01,6.079643368721008301e-01,5.756405591964721680e-01,4.186253547668457031e-01,7.397307753562927246e-01,6.594182252883911133e-01,2.342927455902099609e-01,4.171718955039978027e-01,6.924480795860290527e-01,6.410225033760070801e-01,6.134501099586486816e-01,3.343949913978576660e-01,5.051280856132507324e-01,2.442291975021362305e-01,-2.618959248065948486e-01,-1.948721259832382202e-01,2.961246073246002197e-01,9.663877636194229126e-02,6.692246794700622559e-01,6.621696352958679199e-01,9.091345965862274170e-02,6.179400533437728882e-02,4.029051065444946289e-01,-5.956223234534263611e-02,-2.411627918481826782e-01,-3.788542747497558594e-01,-3.500145673751831055e-02,3.684917986392974854e-01,-3.004791736602783203e-01,1.165488436818122864e-01,6.645029783248901367e-01,2.973573803901672363e-01,2.649338245391845703e-01,1.761902868747711182e-02,-4.456414608284831047e-04,-5.888497233390808105e-01
4.596671760082244873e-01,4.483988881111145020e-01,2.958093285560607910e-01,4.066359996795654297e-01,3.312148749828338623e-01,2.718285024166107178e-01,5.453543066978454590e-01,4.521048963069915771e-01,1.000000000000000000e+00,5.042005777359008789e-01,3.982718288898468018e-01,5.104096531867980957e-01,5.355449318885803223e-01,5.209462642669677734e-01,4.480608999729156494e-01,4.932938218116760254e-01,3.226116895675659180e-01,3.722212314605712891e-01,3.567943572998046875e-01,4.387641251087188721e-01,2.909767925739288330e-01,1.858173608779907227e-01,2.764918804168701172e-01,3.243548274040222168e-01,3.109854757785797119e-01,2.770417928695678711e-01,3.170138299465179443e-01,2.315090596675872803e-01,3.819096088409423828e-01,2.727153897285461426e-01,3.376002311706542969e-01,3.133363723754882812e-01,3.991005718708038330e-01,3.636385500431060791e-01,2.855427861213684082e-01,3.285260796546936035e-01,1.968887597322463989e-01,-1.530917882919311523e-01,3.633041083812713623e-01,-1.292356941848993301e-02,2.429303675889968872e-01,-1.298922300338745117e-01,3.738104999065399170e-01,4.234733581542968750e-01,3.070467412471771240e-01,3.225876688957214355e-01,4.073536694049835205e-01,2.622137069702148438e-01,3.137273788452148438e-01,5.701627731323242188e-01,3.147911131381988525e-01,4.069850444793701172e-01,2.651717960834503174e-01,4.016579091548919678e-01,3.990649282932281494e-01,4.433462321758270264e-01,4.423506557941436768e-01,3.469138145446777344e-01,3.339482545852661133e-01,3.038345575332641602e-01,4.228582382202148438e-01,3.476531803607940674e-01,5.172336697578430176e-01,4.820725619792938232e-01,1.991891562938690186e-01,2.308839708566665649e-01,2.654390037059783936e-01,2.548871636390686035e-01,2.550441026687622070e-01,1.702273637056350708e-01,1.896634250879287720e-01,3.395814001560211182e-01,1.700468510389328003e-01,1.230128705501556396e-01,-2.340097576379776001e-01,-2.291666576638817787e-03,8.681216090917587280e-02,1.583448946475982666e-01,2.616256773471832275e-01,1.780869811773300171e-01,4.045841395854949951e-01,5.642468929290771484e-01,1.456607431173324585e-01,3.419536352157592773e-01,2.592210173606872559e-01,5.021079182624816895e-01,1.026040390133857727e-01,2.517882287502288818e-01,1.904202997684478760e-01,4.091594219207763672e-01,2.150347977876663208e-01,3.072372674942016602e-01,1.385202556848526001e-01,2.741122543811798096e-01,-2.367799170315265656e-02,1.017327699810266495e-02,2.678368687629699707e-01,2.743805646896362305e-01,3.795742094516754150e-01,4.685510993003845215e-01,-1.680355817079544067e-01,1.255096346139907837e-01,2.041182965040206909e-01,1.533681303262710571e-01,-2.896815836429595947e-01,-2.474756538867950439e-01,-1.849881857633590698e-01,2.158988118171691895e-01,-1.013859286904335022e-01,1.158884987235069275e-01,4.060480594635009766e-01,2.447866648435592651e-01,7.373508065938949585e-02,1.036632582545280457e-01,-4.585713148117065430e-02,-3.643968105316162109e-01
4.304192066192626953e-01,3.774197995662689209e-01,4.047689437866210938e-01,6.055802106857299805e-01,6.004906892776489258e-01,6.608167290687561035e-01,5.100794434547424316e-01,6.655202507972717285e-01,5.042005777359008789e-01,1.000000000000000000e+00,2.782256603240966797e-01,5.013533234596252441e-01,3.332737088203430176e-01,5.884230136871337891e-01,4.748007655143737793e-01,7.245298027992248535e-01,1.448598802089691162e-01,2.229682952165603638e-01,2.981110215187072754e-01,3.914733231067657471e-01,3.233275115489959717e-01,3.295685350894927979e-01,4.977645576000213623e-01,6.069282293319702148e-01,4.248245954513549805e-01,5.179620385169982910e-01,5.016256570816040039e-01,4.704342186450958252e-01,1.970694214105606079e-01,1.794464737176895142e-01,4.443915784358978271e-01,4.001796543598175049e-01,3.859272897243499756e-01,3.600797355175018311e-01,3.048971593379974365e-01,3.273330926895141602e-01,3.946851491928100586e-01,-2.168317139148712158e-01,4.886631071567535400e-01,-1.031339168548583984e-01,3.373253345489501953e-01,-2.140285968780517578e-01,3.187802135944366455e-01,4.919509291648864746e-01,3.155840337276458740e-01,4.436942338943481445e-01,3.146686851978302002e-01,2.275036573410034180e-01,1.923118978738784790e-01,6.140806078910827637e-01,3.439790010452270508e-01,5.081820487976074219e-01,1.709332913160324097e-01,3.611517250537872314e-01,3.563588559627532959e-01,4.098064899444580078e-01,3.702934682369232178e-01,3.775710165500640869e-01,4.017645120620727539e-01,4.215954542160034180e-01,4.428063333034515381e-01,6.362714767456054688e-01,2.988860905170440674e-01,5.186087489128112793e-01,4.655307233333587646e-01,4.242146015167236328e-01,2.332263886928558350e-01,2.618093192577362061e-01,3.305372893810272217e-01,2.662904858589172363e-01,2.874628007411956787e-01,3.967857658863067627e-01,1.801375001668930054e-01,8.218906074762344360e-02,-3.020913004875183105e-01,2.474766224622726440e-03,1.594866812229156494e-01,2.311921417713165283e-01,2.048236727714538574e-01,1.864439100027084351e-01,3.227516114711761475e-01,4.514155983924865723e-01,1.746442615985870361e-01,2.335380911827087402e-01,4.334075450897216797e-01,5.714769363403320312e-01,6.114809587597846985e-02,2.074175328016281128e-01,2.931044697761535645e-01,5.124568343162536621e-01,2.391914576292037964e-01,2.000674903392791748e-01,1.195686608552932739e-01,5.544615164399147034e-02,-8.605378121137619019e-02,-7.277736067771911621e-02,1.211398541927337646e-01,8.276920765638351440e-03,2.978497743606567383e-01,3.936788439750671387e-01,-1.896026432514190674e-01,-2.636864781379699707e-02,1.325190365314483643e-01,2.540678717195987701e-02,-3.305929005146026611e-01,-2.942378222942352295e-01,-3.022537827491760254e-01,2.244869321584701538e-01,-8.116032183170318604e-02,1.357495635747909546e-01,2.972142994403839111e-01,1.832315176725387573e-01,6.024607643485069275e-02,-6.519865989685058594e-02,-8.565209805965423584e-02,-3.538547456264495850e-01
8.079771995544433594e-01,6.212417483329772949e-01,4.839747548103332520e-01,4.701780080795288086e-01,3.770042061805725098e-01,3.115290701389312744e-01,5.622502565383911133e-01,6.116791963577270508e-01,3.982718288898468018e-01,2.782256603240966797e-01,1.000000000000000000e+00,7.599625587463378906e-01,8.552579879760742188e-01,6.759654879570007324e-01,6.940151453018188477e-01,4.015851318836212158e-01,5.794169306755065918e-01,5.932317376136779785e-01,5.994142293930053711e-01,6.296757459640502930e-01,2.436832636594772339e-01,2.175984978675842285e-01,3.167997598648071289e-01,3.329464793205261230e-01,4.110223054885864258e-01,3.034491837024688721e-01,3.166541457176208496e-01,2.099927216768264771e-01,5.813165307044982910e-01,3.940564692020416260e-01,3.657654523849487305e-01,3.016209602355957031e-01,5.967757701873779297e-01,5.261481404304504395e-01,4.677349328994750977e-01,4.196941554546356201e-01,1.757652461528778076e-01,-3.326984345912933350e-01,4.563149213790893555e-01,-4.730497300624847412e-02,2.278240323066711426e-01,-2.431253492832183838e-01,4.485192894935607910e-01,4.348152875900268555e-01,1.775363832712173462e-01,3.570653796195983887e-01,5.240291357040405273e-01,4.203302562236785889e-01,6.250797957181930542e-02,3.817358314990997314e-01,2.319298386573791504e-01,4.696764647960662842e-01,5.354602336883544922e-01,5.162970423698425293e-01,6.398020386695861816e-01,5.286275148391723633e-01,6.267341375350952148e-01,6.013146638870239258e-01,4.416722059249877930e-01,4.560885429382324219e-01,7.564445137977600098e-01,5.271622538566589355e-01,6.119626164436340332e-01,5.083716511726379395e-01,4.364424645900726318e-01,3.753032386302947998e-01,4.263785183429718018e-01,3.325308859348297119e-01,5.408197045326232910e-01,4.463036656379699707e-01,5.276573300361633301e-01,4.919127225875854492e-01,4.756039381027221680e-01,2.609128654003143311e-01,-1.774369627237319946e-01,1.888576894998550415e-01,3.068099319934844971e-01,-3.615039959549903870e-02,5.459502935409545898e-01,5.036392807960510254e-01,6.717431545257568359e-01,5.624079704284667969e-01,5.906231403350830078e-01,3.464713096618652344e-01,6.618157029151916504e-01,5.206938385963439941e-01,4.033773243427276611e-01,2.000753134489059448e-01,5.469501018524169922e-01,5.006013512611389160e-01,5.352158546447753906e-01,3.504359424114227295e-01,4.692292809486389160e-01,3.288401663303375244e-01,-1.404156982898712158e-01,-9.066905826330184937e-02,2.467530071735382080e-01,9.731217473745346069e-02,5.569806694984436035e-01,5.090713500976562500e-01,5.674241483211517334e-02,3.066927492618560791e-01,3.919556438922882080e-01,6.692939996719360352e-02,-1.396786868572235107e-01,-3.136159777641296387e-01,1.377059370279312134e-01,1.859648376703262329e-01,-1.722204536199569702e-01,-1.310363784432411194e-02,6.163858175277709961e-01,3.002443611621856689e-01,4.007530808448791504e-01,9.803815931081771851e-02,6.913855671882629395e-02,-5.010705590248107910e-01
8.278928995132446289e-01,7.357106208801269531e-01,4.889876842498779297e-01,6.035486459732055664e-01,4.542030096054077148e-01,4.130193591117858887e-01,5.730499625205993652e-01,7.687619924545288086e-01,5.104096531867980957e-01,5.013533234596252441e-01,7.599625587463378906e-01,1.000000000000000000e+00,7.174339294433593750e-01,7.944526672363281250e-01,6.339163184165954590e-01,5.871883630752563477e-01,6.143414378166198730e-01,6.726439595222473145e-01,5.679158568382263184e-01,6.746411919593811035e-01,2.750265896320343018e-01,3.177559673786163330e-01,4.280543029308319092e-01,4.936117529869079590e-01,4.198625087738037109e-01,3.834064006805419922e-01,4.597153067588806152e-01,3.883331120014190674e-01,6.356447935104370117e-01,5.503672957420349121e-01,5.667384862899780273e-01,4.699117243289947510e-01,6.161421537399291992e-01,5.772619247436523438e-01,4.807743728160858154e-01,4.537424445152282715e-01,2.592953741550445557e-01,-4.140643179416656494e-01,4.811227321624755859e-01,-1.780871488153934479e-02,2.214805334806442261e-01,-2.184759527444839478e-01,5.115703344345092773e-01,6.012457609176635742e-01,2.798162698745727539e-01,4.627166390419006348e-01,5.908316373825073242e-01,4.242923557758331299e-01,1.545700430870056152e-01,6.458439826965332031e-01,3.375127017498016357e-01,6.140444278717041016e-01,4.783170819282531738e-01,5.236532688140869141e-01,5.905429720878601074e-01,5.856100320816040039e-01,6.922644972801208496e-01,6.262252926826477051e-01,5.510876774787902832e-01,5.352072119712829590e-01,7.798088192939758301e-01,7.047863602638244629e-01,6.514522433280944824e-01,7.105740308761596680e-01,4.543540179729461670e-01,4.719874560832977295e-01,3.799872100353240967e-01,3.449398875236511230e-01,4.778729677200317383e-01,3.831893801689147949e-01,5.604718923568725586e-01,6.469820737838745117e-01,4.894872009754180908e-01,4.343044757843017578e-01,-2.431976050138473511e-01,2.758984565734863281e-01,3.620181679725646973e-01,1.136747747659683228e-01,6.287105083465576172e-01,6.038008332252502441e-01,7.237471342086791992e-01,6.641849279403686523e-01,5.211344361305236816e-01,4.073186814785003662e-01,6.089300513267517090e-01,6.146986484527587891e-01,2.184239625930786133e-01,2.976505458354949951e-01,4.836890697479248047e-01,5.572471618652343750e-01,4.539801478385925293e-01,1.939977258443832397e-01,3.128516972064971924e-01,1.898411512374877930e-01,-4.437713697552680969e-02,-4.711928963661193848e-02,2.590045332908630371e-01,2.072496116161346436e-01,4.997538924217224121e-01,5.616090893745422363e-01,-1.806076988577842712e-02,6.678988039493560791e-02,2.803546786308288574e-01,-4.430223628878593445e-02,-1.928446888923645020e-01,-3.679732978343963623e-01,-6.880056578665971756e-03,2.615500092506408691e-01,-1.777220964431762695e-01,1.250425428152084351e-01,5.729883313179016113e-01,2.276086956262588501e-01,1.752758622169494629e-01,4.810075834393501282e-02,-4.485685750842094421e-02,-5.594310760498046875e-01
7.618108987808227539e-01,5.347674489021301270e-01,5.086088776588439941e-01,5.032387375831604004e-01,3.598113059997558594e-01,3.242389261722564697e-01,5.924370288848876953e-01,5.662088990211486816e-01,5.355449318885803223e-01,3.332737088203430176e-01,8.552579879760742188e-01,7.174339294433593750e-01,1.000000000000000000e+00,7.394192218780517578e-01,7.124024033546447754e-01,4.900863766670227051e-01,4.926294982433319092e-01,5.289275646209716797e-01,5.477114915847778320e-01,6.070476770401000977e-01,3.626081049442291260e-01,2.933085560798645020e-01,4.239634275436401367e-01,4.501202106475830078e-01,4.748792648315429688e-01,3.814946711063385010e-01,3.296255469322204590e-01,2.787391543388366699e-01,5.928107500076293945e-01,3.921014368534088135e-01,4.986032545566558838e-01,4.357299804687500000e-01,5.923504233360290527e-01,4.860620498657226562e-01,4.090794622898101807e-01,3.724506497383117676e-01,2.782867848873138428e-01,-1.867859065532684326e-01,5.042192339897155762e-01,3.029219619929790497e-02,2.859934866428375244e-01,-1.428166180849075317e-01,4.096510112285614014e-01,3.975062072277069092e-01,1.833776682615280151e-01,3.582390546798706055e-01,4.934225976467132568e-01,3.383186459541320801e-01,1.882927268743515015e-01,4.782002270221710205e-01,3.679268956184387207e-01,5.182836651802062988e-01,4.095013439655303955e-01,5.359885692596435547e-01,5.752812623977661133e-01,5.363977551460266113e-01,5.771453976631164551e-01,5.081022977828979492e-01,4.325422942638397217e-01,3.721688985824584961e-01,6.932685971260070801e-01,5.035991072654724121e-01,6.389406323432922363e-01,5.187876224517822266e-01,4.264811575412750244e-01,4.141439497470855713e-01,3.496005833148956299e-01,2.807587385177612305e-01,4.825585782527923584e-01,3.666729927062988281e-01,4.766954183578491211e-01,4.626686275005340576e-01,4.112510681152343750e-01,1.989702880382537842e-01,-1.706634908914566040e-01,1.083826422691345215e-01,2.260339409112930298e-01,-1.913242787122726440e-02,4.753043651580810547e-01,4.406806826591491699e-01,6.324965357780456543e-01,6.887286305427551270e-01,4.965829849243164062e-01,3.976512253284454346e-01,5.597439408302307129e-01,6.704292297363281250e-01,3.896023929119110107e-01,2.589943706989288330e-01,3.684632182121276855e-01,5.957455635070800781e-01,3.573128581047058105e-01,3.846012949943542480e-01,2.877851724624633789e-01,3.102128505706787109e-01,-4.372152313590049744e-02,4.836746025830507278e-03,3.274554014205932617e-01,2.071444243192672729e-01,4.612673223018646240e-01,5.011887550354003906e-01,-1.921833455562591553e-01,2.522774338722229004e-01,2.059102207422256470e-01,1.038352921605110168e-01,-2.537046372890472412e-01,-3.042950034141540527e-01,-7.952887564897537231e-02,2.075551450252532959e-01,-1.650605946779251099e-01,7.200730592012405396e-02,5.643714070320129395e-01,2.241477519273757935e-01,2.191690951585769653e-01,9.576578438282012939e-02,7.065267115831375122e-02,-4.875046908855438232e-01
