1.000000000000000000e+00,6.524718999862670898e-01,4.577134847640991211e-01,4.931693375110626221e-01,8.214411884546279907e-02,1.108190417289733887e-01,5.017608404159545898e-01,4.187053442001342773e-01,1.970976442098617554e-01,2.273826003074645996e-01,4.691096544265747070e-01,4.215996861457824707e-01,3.950569331645965576e-01,2.352437674999237061e-01,2.997826635837554932e-01,1.964295841753482819e-02,3.932048380374908447e-01,3.763586878776550293e-01,3.930214047431945801e-01,5.151078104972839355e-01,2.147701233625411987e-01,9.639045596122741699e-02,2.216545492410659790e-01,2.251776903867721558e-01,1.912442743778228760e-01,2.813428044319152832e-01,8.521173149347305298e-02,3.164678514003753662e-01,3.641332089900970459e-01,3.609899878501892090e-01,2.669062614440917969e-01,3.056703209877014160e-01,4.654072821140289307e-01,4.050428867340087891e-01,1.634120196104049683e-01,9.292582422494888306e-02,-1.568278968334197998e-01,-1.459035277366638184e-01,1.749256849288940430e-01,1.786042898893356323e-01,3.763807713985443115e-01,-1.643073558807373047e-02,7.880543172359466553e-02,4.745837748050689697e-01,-4.098843038082122803e-02,3.234713971614837646e-01,7.248041033744812012e-02,-5.713529884815216064e-02,3.783946633338928223e-01,4.841799736022949219e-01,4.324732720851898193e-01,4.414796829223632812e-01,9.094212949275970459e-02,9.024435281753540039e-02,3.766126334667205811e-01,3.550992310047149658e-01,5.897687673568725586e-01,5.020332336425781250e-01,6.125223040580749512e-01,4.254810810089111328e-01,6.918781399726867676e-01,4.117589294910430908e-01,4.860000014305114746e-01,2.470272332429885864e-01,3.180229365825653076e-01,3.011822700500488281e-01,9.116463363170623779e-02,1.635490357875823975e-01,3.490451872348785400e-01,3.876686394214630127e-01,3.214491307735443115e-01,3.393082618713378906e-01,4.976483881473541260e-01,3.605937957763671875e-01,-1.127092838287353516e-01,6.540095061063766479e-02,1.356462538242340088e-01,5.874380469322204590e-01,3.287620246410369873e-01,4.391166865825653076e-01,3.632480502128601074e-01,4.472613036632537842e-01,1.929007023572921753e-01,-1.837064474821090698e-01,3.049311041831970215e-01,9.125872701406478882e-02,7.466781884431838989e-02,-1.652070581912994385e-01,4.103284776210784912e-01,6.901345402002334595e-02,-1.703409552574157715e-01,-1.515925377607345581e-01,1.172814965248107910e-01,-2.830930054187774658e-02,-2.025497853755950928e-01,-1.013562232255935669e-01,-2.284118719398975372e-02,4.324914515018463135e-02,4.066820442676544189e-02,-2.835156582295894623e-02,3.004386648535728455e-02,-3.872834891080856323e-02,4.275276791304349899e-03,2.765150666236877441e-01,-3.780069351196289062e-01,1.897992342710494995e-01,-1.090702041983604431e-01,2.464312016963958740e-01,6.954565644264221191e-02,-8.794714510440826416e-02,-2.653303742408752441e-01,-2.898266911506652832e-01,-1.663769483566284180e-01,-1.183634623885154724e-02,-7.950929924845695496e-03,-2.865679562091827393e-01
6.524718999862670898e-01,1.000000000000000000e+00,4.895294904708862305e-01,5.353606939315795898e-01,1.724623739719390869e-01,-1.826382428407669067e-02,2.965927124023437500e-01,5.234959721565246582e-01,3.125001117587089539e-02,9.740322828292846680e-02,1.225033178925514221e-01,3.993952572345733643e-01,-1.783541031181812286e-02,6.478957086801528931e-02,1.205018833279609680e-01,-4.302915558218955994e-02,3.425174057483673096e-01,5.498307943344116211e-01,5.468978881835937500e-01,6.005209684371948242e-01,8.284249156713485718e-02,1.203931868076324463e-02,4.020772576332092285e-01,3.830735087394714355e-01,8.735857158899307251e-02,2.957910895347595215e-01,1.553680449724197388e-01,3.602882623672485352e-01,3.131973743438720703e-01,3.644641041755676270e-01,6.984177976846694946e-02,2.188562750816345215e-01,5.903024673461914062e-01,6.059309840202331543e-01,4.493330419063568115e-01,3.623970746994018555e-01,-6.100377067923545837e-02,-8.080208301544189453e-02,2.253498882055282593e-01,1.289255768060684204e-01,4.603236019611358643e-01,-3.399837017059326172e-02,2.316386401653289795e-01,5.189200043678283691e-01,9.730553627014160156e-02,2.071944475173950195e-01,2.635537385940551758e-01,2.039846926927566528e-01,1.500056982040405273e-01,2.419177889823913574e-01,1.455563455820083618e-01,1.780448704957962036e-01,8.738295733928680420e-02,2.897956371307373047e-01,3.250662386417388916e-01,3.585693240165710449e-01,7.692211270332336426e-01,7.289397716522216797e-01,3.602324128150939941e-01,4.372060000896453857e-01,3.626420199871063232e-01,4.860975146293640137e-01,1.625446230173110962e-01,3.331491649150848389e-01,1.465502381324768066e-01,3.166618943214416504e-01,2.752196490764617920e-01,2.145773619413375854e-01,3.628770112991333008e-01,3.802603483200073242e-01,2.571147680282592773e-01,4.184632003307342529e-01,3.564729392528533936e-01,1.595331430435180664e-01,-3.291964828968048096e-01,1.597135514020919800e-02,4.201039969921112061e-01,4.956540465354919434e-01,3.373909890651702881e-01,5.326498150825500488e-01,3.593535423278808594e-01,3.106237053871154785e-01,2.145594805479049683e-01,-2.203954011201858521e-01,3.499367237091064453e-01,8.025513589382171631e-02,-5.180535092949867249e-02,-4.901790991425514221e-02,4.333138167858123779e-01,1.047818511724472046e-01,9.390015900135040283e-02,8.759966492652893066e-02,2.784611582756042480e-01,5.124231055378913879e-02,-2.833278179168701172e-01,8.390057086944580078e-02,1.616820394992828369e-01,2.010772973299026489e-01,4.532206654548645020e-01,3.160713016986846924e-01,2.912808656692504883e-01,5.051222816109657288e-02,2.235725820064544678e-01,2.477957606315612793e-01,-3.533110618591308594e-01,4.597305320203304291e-03,-3.115377202630043030e-02,5.105432868003845215e-02,-1.506607085466384888e-01,-3.877833187580108643e-01,-8.156258612871170044e-02,6.364484876394271851e-02,3.106861561536788940e-02,9.710992872714996338e-02,-2.483074367046356201e-01,-3.315201103687286377e-01
4.577134847640991211e-01,4.895294904708862305e-01,1.000000000000000000e+00,5.390639901161193848e-01,1.556247770786285400e-01,8.825737237930297852e-02,7.305101752281188965e-01,4.401775300502777100e-01,3.345058560371398926e-01,-1.184516996145248413e-01,3.295768797397613525e-01,1.524043828248977661e-01,1.536582261323928833e-01,-1.580966636538505554e-02,4.141389131546020508e-01,-4.870536923408508301e-02,2.421064078807830811e-01,2.584281563758850098e-01,3.605068922042846680e-01,3.453995585441589355e-01,2.474250346422195435e-01,-2.028952986001968384e-01,6.513926982879638672e-01,6.842559576034545898e-01,-5.033570528030395508e-02,6.017750501632690430e-01,1.506017744541168213e-01,2.258380800485610962e-01,3.257008790969848633e-01,3.277401924133300781e-01,2.373358160257339478e-01,5.321825742721557617e-01,6.585855484008789062e-01,5.945296287536621094e-01,5.248041749000549316e-01,3.365354835987091064e-01,-1.408260017633438110e-01,-3.407101929187774658e-01,1.680765748023986816e-01,-1.889165025204420090e-03,2.152156084775924683e-01,-2.254324220120906830e-02,3.587089776992797852e-01,4.189845919609069824e-01,8.819952607154846191e-02,1.838629096746444702e-01,1.507044732570648193e-01,1.157190129160881042e-01,1.482254862785339355e-01,1.915140450000762939e-01,2.142498046159744263e-01,3.399884402751922607e-01,-1.776824705302715302e-02,2.233646661043167114e-01,1.063124760985374451e-01,2.199535071849822998e-01,4.089001417160034180e-01,2.809917628765106201e-01,4.251383841037750244e-01,2.038853168487548828e-01,4.050802290439605713e-01,4.624846577644348145e-01,9.399500489234924316e-02,2.691927552223205566e-01,6.769611239433288574e-01,5.882295370101928711e-01,3.090547919273376465e-01,3.643456399440765381e-01,3.862281441688537598e-01,3.445995748043060303e-01,2.931069433689117432e-01,2.207367867231369019e-01,4.190364181995391846e-01,1.578059792518615723e-01,1.936553716659545898e-01,1.541875749826431274e-01,3.070723116397857666e-01,3.706734180450439453e-01,3.451896309852600098e-01,5.570570230484008789e-01,3.020682036876678467e-01,3.386711776256561279e-01,2.466568648815155029e-01,-2.296077162027359009e-01,4.394230842590332031e-01,6.974515318870544434e-02,3.742977231740951538e-02,4.769242554903030396e-02,2.124170362949371338e-01,3.358497098088264465e-02,6.264673173427581787e-02,9.650082886219024658e-02,1.377017945051193237e-01,2.539306581020355225e-01,-1.082164421677589417e-01,2.563743107020854950e-02,9.591188281774520874e-02,1.094949692487716675e-01,1.944619715213775635e-01,1.458821147680282593e-01,1.630987823009490967e-01,3.312160819768905640e-02,1.998198032379150391e-01,5.387664586305618286e-02,-1.833482980728149414e-01,1.012548282742500305e-01,1.785639077425003052e-01,1.318433582782745361e-01,1.440891623497009277e-01,-6.146015226840972900e-02,4.558617249131202698e-02,-9.121625125408172607e-02,-8.047324419021606445e-02,-3.703657165169715881e-02,-1.103698983788490295e-01,-2.881429493427276611e-01
4.931693375110626221e-01,5.353606939315795898e-01,5.390639901161193848e-01,1.000000000000000000e+00,4.441899061203002930e-01,2.261611819267272949e-01,5.101900100708007812e-01,8.251341581344604492e-01,3.505555987358093262e-01,4.057502746582031250e-01,1.007322892546653748e-01,3.400746881961822510e-01,6.804624944925308228e-02,8.506982028484344482e-02,2.166841030120849609e-01,-1.856511272490024567e-02,-1.877334713935852051e-02,1.906984597444534302e-01,5.743287205696105957e-01,5.671258568763732910e-01,4.033598005771636963e-01,-6.379675120115280151e-02,5.364034175872802734e-01,5.729792118072509766e-01,2.245354056358337402e-01,3.205134868621826172e-01,2.704788744449615479e-01,3.925426900386810303e-01,5.199398845434188843e-02,1.006596237421035767e-01,2.374050170183181763e-01,4.087858200073242188e-01,5.593181848526000977e-01,5.856677293777465820e-01,3.990107476711273193e-01,5.042635202407836914e-01,-1.917951852083206177e-01,-2.820766866207122803e-01,2.834535837173461914e-01,2.771151997148990631e-02,3.993760645389556885e-01,-1.136808190494775772e-02,3.788259327411651611e-01,5.041806697845458984e-01,3.343943357467651367e-01,3.954452276229858398e-01,3.442174494266510010e-01,3.833544254302978516e-01,3.557895421981811523e-01,3.713262677192687988e-01,2.720009088516235352e-01,3.775149881839752197e-01,3.044858872890472412e-01,5.737993717193603516e-01,4.307577610015869141e-01,4.239358901977539062e-01,3.176209926605224609e-01,3.730280101299285889e-01,4.826719164848327637e-01,6.361479759216308594e-01,3.522875905036926270e-01,6.572846770286560059e-01,1.927965134382247925e-01,2.488804012537002563e-01,1.704994440078735352e-01,4.883864521980285645e-01,5.332763195037841797e-01,5.870227813720703125e-01,5.031661987304687500e-01,5.685248374938964844e-01,3.258059322834014893e-01,3.678247332572937012e-01,3.093117475509643555e-01,3.427576720714569092e-01,-4.158055037260055542e-02,2.060436606407165527e-01,2.745829224586486816e-01,4.425433278083801270e-01,-6.383653380908071995e-04,2.460483610630035400e-01,1.414776593446731567e-01,2.640137374401092529e-01,4.605390131473541260e-01,-3.469928503036499023e-01,3.221043944358825684e-01,-7.860977947711944580e-02,2.864691019058227539e-01,-2.874835133552551270e-01,4.818857312202453613e-01,-1.261371523141860962e-01,3.093061745166778564e-01,1.890486031770706177e-01,4.158004224300384521e-01,-9.316435456275939941e-02,-2.567080855369567871e-01,1.013643965125083923e-01,-1.039131805300712585e-01,-9.909345535561442375e-04,3.725982904434204102e-01,3.040374815464019775e-01,5.289801359176635742e-01,2.679038047790527344e-02,4.331423938274383545e-01,1.089581102132797241e-01,-9.570241719484329224e-02,6.061850488185882568e-02,7.155667245388031006e-02,5.521074309945106506e-02,3.435788676142692566e-02,-3.012259602546691895e-01,2.093192003667354584e-02,1.158888190984725952e-01,2.070994973182678223e-01,-8.887737989425659180e-03,-3.776900768280029297e-01,-5.294883847236633301e-01
8.214411884546279907e-02,1.724623739719390869e-01,1.556247770786285400e-01,4.441899061203002930e-01,1.000000000000000000e+00,1.219637319445610046e-02,4.193436354398727417e-02,4.135933518409729004e-01,1.748874969780445099e-02,2.487152665853500366e-01,-2.408086061477661133e-01,9.811553172767162323e-03,-3.203260004520416260e-01,-1.935991197824478149e-01,-6.576839089393615723e-02,3.836382180452346802e-02,-3.920944035053253174e-01,-2.318203449249267578e-01,3.540982604026794434e-01,2.591085731983184814e-01,3.903706371784210205e-01,4.114320576190948486e-01,2.312222272157669067e-01,1.373405158519744873e-01,3.334943354129791260e-01,1.234977394342422485e-01,6.546118259429931641e-01,5.392328500747680664e-01,-4.001387953758239746e-01,-3.051313757896423340e-01,-1.435471177101135254e-01,-2.705585025250911713e-02,1.813766658306121826e-01,2.243244498968124390e-01,2.531836330890655518e-01,3.578208386898040771e-01,-3.251954615116119385e-01,-2.438076138496398926e-01,3.527166843414306641e-01,7.781828287988901138e-03,2.233969420194625854e-01,9.315659105777740479e-02,3.036421835422515869e-01,1.662629097700119019e-01,2.947500050067901611e-01,1.762277632951736450e-01,3.267246186733245850e-01,3.392877578735351562e-01,7.864208519458770752e-02,1.448678672313690186e-01,-1.783218234777450562e-02,1.839814186096191406e-01,1.612591594457626343e-01,4.673135578632354736e-01,1.988198906183242798e-01,3.349451720714569092e-01,-7.159094791859388351e-03,9.732340276241302490e-02,3.594012558460235596e-01,5.061640739440917969e-01,1.510768532752990723e-01,4.090846180915832520e-01,-1.716836839914321899e-01,5.729248374700546265e-02,-8.903386443853378296e-02,2.340817004442214966e-01,4.452596306800842285e-01,4.498646855354309082e-01,1.599597483873367310e-01,1.806300729513168335e-01,1.856145560741424561e-01,2.850818932056427002e-01,-1.553972959518432617e-01,1.493107527494430542e-01,-3.199147880077362061e-01,-1.993491686880588531e-02,2.932822704315185547e-01,1.292010098695755005e-01,-3.976231813430786133e-01,-1.225908026099205017e-01,-2.798705101013183594e-01,-7.613614946603775024e-02,4.599355459213256836e-01,-2.589764297008514404e-01,3.748790174722671509e-02,-5.714125931262969971e-02,2.861307263374328613e-01,-1.291557848453521729e-01,1.834322959184646606e-01,9.026964195072650909e-03,2.748506069183349609e-01,3.570826947689056396e-01,4.192129075527191162e-01,8.644455671310424805e-02,-1.574043929576873779e-01,-2.116265445947647095e-01,-1.780652068555355072e-02,-5.192103609442710876e-02,3.108827769756317139e-01,2.419249266386032104e-01,3.751560449600219727e-01,1.885210908949375153e-02,3.342662751674652100e-01,4.485388845205307007e-02,1.632035076618194580e-01,-1.410592943429946899e-01,-1.779705286026000977e-01,3.370483964681625366e-02,-1.075586006045341492e-01,-3.275769054889678955e-01,1.513627469539642334e-01,2.070699781179428101e-01,3.226990699768066406e-01,6.089464947581291199e-02,-1.896731555461883545e-01,-4.004815518856048584e-01
1.108190417289733887e-01,-1.826382428407669067e-02,8.825737237930297852e-02,2.261611819267272949e-01,1.219637319445610046e-02,1.000000000000000000e+00,2.867971658706665039e-01,1.329970806837081909e-01,1.720638871192932129e-01,6.141600385308265686e-02,1.175502166152000427e-01,3.725608587265014648e-01,1.827045977115631104e-01,2.151440531015396118e-01,1.456936895847320557e-01,3.161765635013580322e-01,3.981136530637741089e-02,4.977885168045759201e-03,-1.581431627273559570e-01,-2.035128697752952576e-02,7.494390010833740234e-03,-1.139602884650230408e-01,-6.108957156538963318e-02,1.774458140134811401e-01,1.483606845140457153e-01,2.165195792913436890e-01,-2.631994187831878662e-01,1.842096149921417236e-01,9.469432383775711060e-02,2.144352942705154419e-01,-1.916463486850261688e-02,1.243730336427688599e-01,2.612065523862838745e-02,6.972508877515792847e-02,1.404117941856384277e-01,4.014830589294433594e-01,3.354642093181610107e-01,2.307430058717727661e-01,1.333253681659698486e-01,1.706919670104980469e-01,3.258868157863616943e-01,-3.932408988475799561e-01,1.488802134990692139e-01,3.026204705238342285e-01,3.117141425609588623e-01,5.059370398521423340e-01,3.111764192581176758e-01,1.468668878078460693e-01,4.780360162258148193e-01,5.367334485054016113e-01,2.289588451385498047e-01,4.117849767208099365e-01,-5.886986479163169861e-02,3.266242444515228271e-01,4.813572764396667480e-01,4.880627989768981934e-01,-2.025333195924758911e-01,-1.838807314634323120e-01,3.203131556510925293e-01,1.950813084840774536e-01,8.561337739229202271e-02,2.293405681848526001e-01,1.628650277853012085e-01,-6.525817513465881348e-02,6.108709052205085754e-02,3.475424945354461670e-01,3.381495177745819092e-01,4.194692671298980713e-01,1.784617602825164795e-01,2.161812335252761841e-01,-1.069687902927398682e-01,2.203320264816284180e-01,2.878874838352203369e-01,-2.837609685957431793e-02,1.152655854821205139e-01,-2.609461247920989990e-01,-7.433629781007766724e-02,2.048231512308120728e-01,7.763605564832687378e-02,1.831674575805664062e-02,1.035478636622428894e-01,9.001282602548599243e-02,1.204998418688774109e-01,6.292831897735595703e-02,-3.816887363791465759e-02,2.383469790220260620e-01,1.293172091245651245e-01,7.176416367292404175e-02,4.434351623058319092e-01,2.267694622278213501e-01,6.627539638429880142e-03,-2.034058561548590660e-03,1.003267616033554077e-01,1.257457584142684937e-01,-8.763615041971206665e-03,4.539894759654998779e-01,-3.552162349224090576e-01,3.833699524402618408e-01,-4.285031557083129883e-02,-7.087516039609909058e-02,1.525548100471496582e-01,9.337712079286575317e-02,6.594891846179962158e-02,2.664926648139953613e-01,-1.521826982498168945e-01,5.156845450401306152e-01,-2.903964370489120483e-03,3.751032948493957520e-01,1.253588795661926270e-01,4.428774490952491760e-02,-2.897318601608276367e-01,-1.374443769454956055e-01,-3.041318245232105255e-02,1.140617020428180695e-02,-2.637491226196289062e-01,7.945641130208969116e-02
5.017608404159545898e-01,2.965927124023437500e-01,7.305101752281188965e-01,5.101900100708007812e-01,4.193436354398727417e-02,2.867971658706665039e-01,1.000000000000000000e+00,4.021721780300140381e-01,5.241810679435729980e-01,9.945800155401229858e-02,5.929860472679138184e-01,2.810913324356079102e-01,5.287917256355285645e-01,2.210686057806015015e-01,5.735226273536682129e-01,-2.803118899464607239e-02,3.286813795566558838e-01,1.952164769172668457e-01,1.806217581033706665e-01,2.206994146108627319e-01,3.386512696743011475e-01,-1.661784797906875610e-01,4.529779553413391113e-01,5.028548836708068848e-01,1.007849648594856262e-01,4.262299835681915283e-01,-5.354344472289085388e-02,1.372381597757339478e-01,4.420241713523864746e-01,3.693446516990661621e-01,4.239741861820220947e-01,5.653873085975646973e-01,5.113755464553833008e-01,4.183944463729858398e-01,2.663586139678955078e-01,1.931298822164535522e-01,-4.875801876187324524e-02,-3.210392296314239502e-01,9.728512167930603027e-02,5.345898214727640152e-03,2.093752920627593994e-01,-1.928986608982086182e-01,1.936765760183334351e-01,4.153190553188323975e-01,1.227800846099853516e-01,4.026706218719482422e-01,1.176978200674057007e-01,-3.350511938333511353e-02,4.267552495002746582e-01,4.203068614006042480e-01,4.469185471534729004e-01,4.654706418514251709e-01,-1.093869004398584366e-02,1.247033700346946716e-01,1.387120336294174194e-01,2.858943343162536621e-01,1.945584863424301147e-01,7.667356729507446289e-02,4.948386847972869873e-01,1.348066627979278564e-01,4.712731242179870605e-01,3.575450479984283447e-01,3.735128045082092285e-01,2.431216239929199219e-01,6.700806021690368652e-01,4.948109984397888184e-01,2.211581319570541382e-01,3.362350761890411377e-01,3.058841824531555176e-01,2.499723434448242188e-01,2.421458065509796143e-01,1.160562261939048767e-01,5.449816584587097168e-01,2.739661335945129395e-01,2.795144915580749512e-01,1.379019170999526978e-01,7.430882751941680908e-02,4.056006371974945068e-01,3.524622023105621338e-01,4.312633275985717773e-01,3.536235392093658447e-01,4.126508533954620361e-01,3.125034570693969727e-01,-1.984821557998657227e-01,3.961300849914550781e-01,-2.518012188374996185e-03,9.415221959352493286e-02,-1.356339901685714722e-01,2.621599435806274414e-01,-7.238657772541046143e-02,-8.798091113567352295e-02,-1.164190098643302917e-01,-1.695250906050205231e-02,7.929575443267822266e-02,-2.874413318932056427e-02,4.084154590964317322e-02,-7.804592698812484741e-02,8.876062184572219849e-02,-6.494025141000747681e-02,-3.150727227330207825e-02,-6.838779896497726440e-02,-5.981292203068733215e-02,-7.901632040739059448e-02,8.179343491792678833e-02,-2.542352378368377686e-01,2.418778687715530396e-01,7.374557107686996460e-02,2.918611466884613037e-01,2.306817620992660522e-01,1.364366859197616577e-01,-1.278278678655624390e-01,-3.091583549976348877e-01,-2.291854768991470337e-01,-1.236466392874717712e-01,2.257835731143131852e-04,-1.166821047663688660e-01
4.187053442001342773e-01,5.234959721565246582e-01,4.401775300502777100e-01,8.251341581344604492e-01,4.135933518409729004e-01,1.329970806837081909e-01,4.021721780300140381e-01,1.000000000000000000e+00,3.779547214508056641e-01,4.793922901153564453e-01,1.635526269674301147e-01,5.076132416725158691e-01,9.920312464237213135e-02,1.812170147895812988e-01,3.004686236381530762e-01,5.116805061697959900e-02,5.396894365549087524e-02,3.000372946262359619e-01,5.778719186782836914e-01,4.663676619529724121e-01,2.663635313510894775e-01,-9.273656457662582397e-02,5.645021796226501465e-01,5.207358598709106445e-01,1.139501631259918213e-01,3.287461698055267334e-01,2.457732111215591431e-01,3.738493025302886963e-01,1.698803752660751343e-01,2.478010356426239014e-01,1.914579421281814575e-01,4.044508635997772217e-01,5.565859079360961914e-01,6.276674270629882812e-01,3.632234334945678711e-01,4.790787100791931152e-01,-2.445594519376754761e-01,-2.394967377185821533e-01,2.477164566516876221e-01,-3.714234381914138794e-02,3.523719906806945801e-01,1.185444463044404984e-02,3.855244815349578857e-01,5.006349086761474609e-01,3.316447138786315918e-01,3.671187460422515869e-01,3.261665701866149902e-01,3.800850510597229004e-01,3.434013724327087402e-01,2.956647276878356934e-01,2.694852948188781738e-01,3.079914450645446777e-01,3.103720247745513916e-01,5.744394063949584961e-01,4.422124624252319336e-01,4.094564318656921387e-01,3.162083327770233154e-01,3.540185391902923584e-01,3.283901810646057129e-01,5.409161448478698730e-01,2.871524095535278320e-01,6.947988271713256836e-01,1.533614844083786011e-01,2.732520401477813721e-01,9.711185097694396973e-02,4.270843863487243652e-01,4.776105880737304688e-01,4.564580619335174561e-01,4.424826204776763916e-01,4.868665635585784912e-01,2.779203653335571289e-01,3.866721391677856445e-01,2.774612903594970703e-01,3.069462478160858154e-01,-7.462840527296066284e-02,2.395483255386352539e-01,3.388806581497192383e-01,4.489401280879974365e-01,9.026271849870681763e-02,3.256279230117797852e-01,2.492013424634933472e-01,2.707647085189819336e-01,4.743542969226837158e-01,-2.551802098751068115e-01,3.397988080978393555e-01,-1.642867363989353180e-02,3.297494947910308838e-01,-1.950593590736389160e-01,5.165992975234985352e-01,-5.499043315649032593e-02,3.002510666847229004e-01,1.924173831939697266e-01,3.618550002574920654e-01,-7.447325438261032104e-02,-2.525012791156768799e-01,1.047393456101417542e-01,-1.522365659475326538e-01,-2.615200728178024292e-02,3.457249999046325684e-01,2.863076031208038330e-01,5.268327593803405762e-01,8.283655345439910889e-02,3.438924849033355713e-01,6.630344688892364502e-02,-1.807321459054946899e-01,-1.318823732435703278e-02,2.224344760179519653e-02,4.898996278643608093e-02,-8.590625226497650146e-02,-2.928323149681091309e-01,-3.645987808704376221e-02,1.211510151624679565e-01,1.875482201576232910e-01,-4.545981064438819885e-02,-4.208679795265197754e-01,-4.608868956565856934e-01
1.970976442098617554e-01,3.125001117587089539e-02,3.345058560371398926e-01,3.505555987358093262e-01,1.748874969780445099e-02,1.720638871192932129e-01,5.241810679435729980e-01,3.779547214508056641e-01,1.000000000000000000e+00,3.712381422519683838e-01,3.389101624488830566e-01,1.424715816974639893e-01,5.313187837600708008e-01,5.400614440441131592e-02,5.516678094863891602e-01,-2.225568741559982300e-01,2.289753258228302002e-01,2.427041679620742798e-01,1.648885756731033325e-01,2.151462733745574951e-01,1.331683993339538574e-01,-1.945708543062210083e-01,3.720188736915588379e-01,1.993762701749801636e-01,2.797596752643585205e-01,2.268851548433303833e-01,-1.781249344348907471e-01,-5.069942027330398560e-02,2.772399783134460449e-01,2.456463873386383057e-01,4.466247558593750000e-01,4.256545305252075195e-01,2.868081033229827881e-01,2.854354977607727051e-01,1.718025840818881989e-02,1.502130478620529175e-01,-1.390478014945983887e-01,-2.337727397680282593e-01,-2.442985624074935913e-01,3.729900717735290527e-02,-3.849338740110397339e-02,-5.265765637159347534e-02,1.706703379750251770e-02,2.000001370906829834e-01,1.015234664082527161e-01,2.665126323699951172e-01,-6.123524159193038940e-02,-9.553822875022888184e-02,2.030259072780609131e-01,1.413849294185638428e-01,2.497511804103851318e-01,1.304733157157897949e-01,1.590042002499103546e-02,1.825916916131973267e-01,-5.695710331201553345e-02,9.146699681878089905e-03,9.200987219810485840e-02,4.373769089579582214e-02,8.561260998249053955e-02,-9.603184647858142853e-03,2.490909695625305176e-01,2.433112710714340210e-01,4.985225200653076172e-01,3.765727579593658447e-01,3.608898818492889404e-01,1.864116340875625610e-01,5.443175509572029114e-02,1.959828734397888184e-01,4.606549739837646484e-01,3.572349548339843750e-01,2.370052188634872437e-01,4.821137711405754089e-02,2.275209575891494751e-01,4.288304746150970459e-01,1.609470099210739136e-01,4.099922180175781250e-01,1.500710397958755493e-01,2.607663571834564209e-01,1.952897608280181885e-01,1.889855861663818359e-01,2.973916232585906982e-01,1.647414267063140869e-01,2.185677587985992432e-01,-3.607102930545806885e-01,3.498602807521820068e-01,-4.076832234859466553e-01,-8.624734729528427124e-02,-4.320921897888183594e-01,4.385821521282196045e-02,-4.872364103794097900e-01,-7.608643174171447754e-02,-2.128384858369827271e-01,-1.414211839437484741e-01,-1.888924837112426758e-01,-1.310022473335266113e-01,6.901752948760986328e-02,-2.655751109123229980e-01,-2.088337987661361694e-01,-1.257680207490921021e-01,-1.256155222654342651e-01,1.917783170938491821e-02,-3.528698533773422241e-02,-1.203804388642311096e-01,-1.530689895153045654e-01,-2.250235825777053833e-01,7.494770735502243042e-02,5.072928592562675476e-02,-1.804962567985057831e-02,6.040510907769203186e-02,6.844157725572586060e-02,-7.874155789613723755e-02,-2.358256578445434570e-01,-2.712456583976745605e-01,-2.347083985805511475e-01,-7.430540025234222412e-02,-1.719436496496200562e-01
2.273826003074645996e-01,9.740322828292846680e-02,-1.184516996145248413e-01,4.057502746582031250e-01,2.487152665853500366e-01,6.141600385308265686e-02,9.945800155401229858e-02,4.793922901153564453e-01,3.712381422519683838e-01,1.000000000000000000e+00,2.310481667518615723e-01,2.274121195077896118e-01,3.966544270515441895e-01,3.206632435321807861e-01,2.521030604839324951e-01,9.994158893823623657e-02,8.874105289578437805e-03,1.147488132119178772e-01,1.873668432235717773e-01,1.644368916749954224e-01,1.123645529150962830e-01,1.035586670041084290e-01,2.148223072290420532e-01,9.039723128080368042e-02,4.104399085044860840e-01,1.655444689095020294e-02,2.318531423807144165e-01,3.509242236614227295e-01,4.843125119805335999e-02,-7.230498641729354858e-02,9.368769079446792603e-02,-2.212774939835071564e-02,1.277348119765520096e-02,5.683469772338867188e-02,-4.517367482185363770e-02,1.350004225969314575e-01,5.722042638808488846e-03,1.049263253808021545e-01,9.375204145908355713e-02,1.835226081311702728e-02,2.283829152584075928e-01,-2.653638646006584167e-02,8.456437289714813232e-02,2.830730676651000977e-01,1.350447684526443481e-01,3.111219704151153564e-01,2.329918444156646729e-01,1.940487027168273926e-01,2.575448155403137207e-01,1.596959382295608521e-01,3.534263670444488525e-01,1.066149547696113586e-01,4.238595664501190186e-01,3.225635886192321777e-01,2.815165221691131592e-01,2.505073547363281250e-01,8.769953995943069458e-02,1.033248081803321838e-01,9.136959910392761230e-02,2.804657816886901855e-01,1.340454369783401489e-01,2.604284286499023438e-01,3.143865168094635010e-01,5.051432177424430847e-02,-8.810111880302429199e-02,-4.781099781394004822e-02,1.216260716319084167e-01,1.217132732272148132e-01,2.943683266639709473e-01,2.846981585025787354e-01,-8.804200217127799988e-03,1.191405951976776123e-01,8.181849867105484009e-02,2.828430533409118652e-01,-2.175101190805435181e-01,1.429547220468521118e-01,8.970812708139419556e-02,2.101599723100662231e-01,-5.595798417925834656e-02,-1.451549679040908813e-01,7.331039011478424072e-02,2.781036496162414551e-01,4.471323788166046143e-01,-6.512852013111114502e-02,2.440011650323867798e-01,-1.960605382919311523e-01,2.559197247028350830e-01,-4.477481544017791748e-01,3.741823136806488037e-01,-3.010262846946716309e-01,2.271204590797424316e-01,3.039214946329593658e-02,2.888588309288024902e-01,-2.686263322830200195e-01,-5.883282050490379333e-02,-3.945298492908477783e-02,-6.689497828483581543e-02,-2.471762597560882568e-01,6.066412851214408875e-02,1.272247284650802612e-01,1.211214065551757812e-01,-1.175654307007789612e-01,-1.033084541559219360e-01,-3.382841870188713074e-02,-6.662698090076446533e-02,-4.623242467641830444e-02,-1.824458837509155273e-01,-1.586349755525588989e-01,-1.043390482664108276e-01,-1.895071119070053101e-01,1.737897749990224838e-03,3.497026860713958740e-02,1.118087843060493469e-01,-1.690981090068817139e-01,-1.459745615720748901e-01,-1.876308172941207886e-01
4.691096544265747070e-01,1.225033178925514221e-01,3.295768797397613525e-01,1.007322892546653748e-01,-2.408086061477661133e-01,1.175502166152000427e-01,5.929860472679138184e-01,1.635526269674301147e-01,3.389101624488830566e-01,2.310481667518615723e-01,1.000000000000000000e+00,4.196193218231201172e-01,7.832298874855041504e-01,4.214782118797302246e-01,7.250403761863708496e-01,1.085994541645050049e-01,6.068453788757324219e-01,3.115423023700714111e-01,5.900260806083679199e-02,8.276569098234176636e-02,1.486733369529247284e-02,-1.165129318833351135e-01,2.062021940946578979e-01,2.042910754680633545e-01,-1.286531053483486176e-02,3.716668486595153809e-01,-1.319725811481475830e-01,1.409640610218048096e-01,6.770104169845581055e-01,4.705138206481933594e-01,1.728719323873519897e-01,2.140201777219772339e-01,2.374347299337387085e-01,1.372141093015670776e-01,-4.368231818079948425e-02,-1.283739656209945679e-01,1.140794977545738220e-01,-3.180281072854995728e-02,3.327855095267295837e-02,-6.710807234048843384e-02,1.594657152891159058e-01,-1.991092115640640259e-01,-2.786190807819366455e-02,2.105182707309722900e-01,-1.480797231197357178e-01,1.667656600475311279e-01,-1.122497301548719406e-02,-2.164576053619384766e-01,3.563501238822937012e-01,2.559794187545776367e-01,6.227602362632751465e-01,3.516243994235992432e-01,7.562842220067977905e-02,-4.619981348514556885e-02,1.557866334915161133e-01,2.536053955554962158e-01,1.612689197063446045e-01,-4.610028490424156189e-02,2.240056097507476807e-01,-1.064064428210258484e-01,3.553031682968139648e-01,9.459883719682693481e-02,4.458763599395751953e-01,1.713104248046875000e-01,4.864326119422912598e-01,1.280448436737060547e-01,-1.524814814329147339e-01,-1.668319702148437500e-01,2.516938745975494385e-01,1.531300395727157593e-01,8.426918834447860718e-02,7.448780536651611328e-02,6.572757363319396973e-01,1.935523897409439087e-01,3.250778317451477051e-01,2.871910296380519867e-02,1.952539430931210518e-03,3.569553792476654053e-01,5.255873799324035645e-01,3.449676632881164551e-01,5.719447135925292969e-01,5.335074067115783691e-01,2.969252169132232666e-01,5.108219757676124573e-02,4.639477133750915527e-01,5.555447936058044434e-02,9.122383594512939453e-02,-6.002733856439590454e-02,3.358100950717926025e-01,1.710956171154975891e-02,-1.287838220596313477e-01,-1.841687709093093872e-01,-1.134571507573127747e-01,1.160154491662979126e-01,1.559640765190124512e-01,-1.132593397051095963e-02,-9.462003596127033234e-03,2.048710919916629791e-02,-2.600232362747192383e-01,-1.158793345093727112e-01,-3.745182752609252930e-01,-8.854831755161285400e-02,-4.530254602432250977e-01,1.466923393309116364e-02,-3.670900166034698486e-01,1.110445857048034668e-01,9.670129045844078064e-03,2.194016277790069580e-01,2.186224311590194702e-01,3.084888756275177002e-01,-1.907835453748703003e-01,-4.173967540264129639e-01,-3.313969373703002930e-01,-1.688029170036315918e-01,9.765010327100753784e-02,1.728009283542633057e-01
4.215996861457824707e-01,3.993952572345733643e-01,1.524043828248977661e-01,3.400746881961822510e-01,9.811553172767162323e-03,3.725608587265014648e-01,2.810913324356079102e-01,5.076132416725158691e-01,1.424715816974639893e-01,2.274121195077896118e-01,4.196193218231201172e-01,1.000000000000000000e+00,3.178848028182983398e-01,4.516228139400482178e-01,4.429726302623748779e-01,3.510182201862335205e-01,3.712588846683502197e-01,5.274710059165954590e-01,3.168098628520965576e-01,3.096505403518676758e-01,4.237792268395423889e-02,-6.050042435526847839e-02,1.529635041952133179e-01,1.467657983303070068e-01,-1.710359156131744385e-01,2.243527770042419434e-01,-1.865344494581222534e-01,1.995469480752944946e-01,5.227138996124267578e-01,6.111460328102111816e-01,9.602568112313747406e-03,1.740048378705978394e-01,3.255893588066101074e-01,4.122573435306549072e-01,1.674937605857849121e-01,2.524687051773071289e-01,4.957580938935279846e-02,-3.204243630170822144e-02,2.128617018461227417e-01,-6.613981723785400391e-02,4.429381191730499268e-01,-3.160425722599029541e-01,1.721144020557403564e-01,4.675272703170776367e-01,2.097476422786712646e-01,3.826779127120971680e-01,2.855437695980072021e-01,1.280924975872039795e-01,4.723797142505645752e-01,4.187739491462707520e-01,3.144645392894744873e-01,2.653973400592803955e-01,9.675282984972000122e-02,3.556692600250244141e-01,5.057216882705688477e-01,5.137065649032592773e-01,1.355163007974624634e-01,2.096356600522994995e-01,2.212222218513488770e-01,2.734068334102630615e-01,2.869981825351715088e-01,4.064338207244873047e-01,3.366414010524749756e-01,2.819589078426361084e-01,-1.806885935366153717e-02,1.950785517692565918e-01,2.216903269290924072e-01,1.185299381613731384e-01,2.853419184684753418e-01,2.714568674564361572e-01,-5.713038519024848938e-02,2.836114466190338135e-01,4.365312159061431885e-01,5.287901312112808228e-02,-4.231639951467514038e-02,-1.541678607463836670e-01,1.526562422513961792e-01,5.136589407920837402e-01,4.001579880714416504e-01,4.789538681507110596e-01,5.502402186393737793e-01,3.464157283306121826e-01,3.516561686992645264e-01,1.845997124910354614e-01,2.331070750951766968e-01,3.424337208271026611e-01,2.866893708705902100e-01,1.917273402214050293e-01,6.640718579292297363e-01,3.498670756816864014e-01,-1.164129748940467834e-02,-4.156202077865600586e-02,7.958648726344108582e-03,3.160470351576805115e-02,-5.805536359548568726e-02,2.012276947498321533e-01,-3.131636381149291992e-01,2.578053176403045654e-01,-1.641313778236508369e-03,4.138531908392906189e-02,1.605217158794403076e-01,1.849087625741958618e-01,-5.527552589774131775e-02,3.390522301197052002e-01,-4.909491240978240967e-01,1.915194690227508545e-01,-8.822686970233917236e-02,3.941329121589660645e-01,-1.309285592287778854e-02,4.091981798410415649e-02,-3.977975249290466309e-01,-1.672132462263107300e-01,-9.890072047710418701e-02,-1.092861518263816833e-01,-4.085194170475006104e-01,-1.015952825546264648e-01
3.950569331645965576e-01,-1.783541031181812286e-02,1.536582261323928833e-01,6.804624944925308228e-02,-3.203260004520416260e-01,1.827045977115631104e-01,5.287917256355285645e-01,9.920312464237213135e-02,5.313187837600708008e-01,3.966544270515441895e-01,7.832298874855041504e-01,3.178848028182983398e-01,1.000000000000000000e+00,4.014593362808227539e-01,6.589129567146301270e-01,2.523817494511604309e-02,4.657910168170928955e-01,2.557311058044433594e-01,-1.063873469829559326e-01,-3.214897820726037025e-03,3.396245092153549194e-02,-1.139153242111206055e-01,1.229759305715560913e-01,6.430818140506744385e-02,1.516019403934478760e-01,1.983472555875778198e-01,-2.865037918090820312e-01,2.689038217067718506e-02,5.572816729545593262e-01,3.863640427589416504e-01,3.735784292221069336e-01,2.849463224411010742e-01,6.671172380447387695e-02,-1.240589004009962082e-02,-2.059875428676605225e-01,-1.938583403825759888e-01,1.338638663291931152e-01,6.166146695613861084e-02,-1.226463168859481812e-01,6.874277442693710327e-02,9.248145669698715210e-02,-2.180261462926864624e-01,-1.568426936864852905e-01,2.075896114110946655e-01,-1.572241932153701782e-01,2.754863500595092773e-01,-8.281751722097396851e-02,-3.069586455821990967e-01,3.401962518692016602e-01,2.602314352989196777e-01,5.522979497909545898e-01,2.324787676334381104e-01,4.157277196645736694e-02,-1.124007403850555420e-01,6.797619163990020752e-02,1.059182807803153992e-01,5.832283943891525269e-02,-9.301421046257019043e-02,1.271412521600723267e-01,-1.660222709178924561e-01,3.342986106872558594e-01,-4.916508682072162628e-03,6.033505201339721680e-01,1.417157649993896484e-01,4.299656152725219727e-01,2.550341933965682983e-02,-2.235476970672607422e-01,-1.253163367509841919e-01,2.263632118701934814e-01,1.520549207925796509e-01,6.067946553230285645e-02,-5.075411871075630188e-02,4.579181671142578125e-01,2.687939703464508057e-01,2.374128699302673340e-01,8.983634412288665771e-02,-7.823610305786132812e-02,3.535551726818084717e-01,3.696873486042022705e-01,2.008953541517257690e-01,4.677188396453857422e-01,4.460779428482055664e-01,2.333282828330993652e-01,6.784587167203426361e-03,4.004880189895629883e-01,-1.015400364995002747e-01,5.772655084729194641e-02,-2.806373834609985352e-01,2.326772809028625488e-01,-2.227539569139480591e-01,-2.329564690589904785e-01,-3.640480041503906250e-01,-2.264282405376434326e-01,-1.512787491083145142e-01,1.251416951417922974e-01,-7.235337048768997192e-02,-1.325047016143798828e-01,-1.154622659087181091e-01,-4.108441770076751709e-01,-2.630407214164733887e-01,-4.340728223323822021e-01,-1.843733042478561401e-01,-5.383439064025878906e-01,-2.558559179306030273e-02,-3.572773933410644531e-01,1.743654161691665649e-01,-9.641847759485244751e-02,1.477943360805511475e-01,2.145829647779464722e-01,3.464814424514770508e-01,-2.202784568071365356e-01,-5.038005113601684570e-01,-4.313110113143920898e-01,-3.174571096897125244e-01,1.714734286069869995e-01,1.765678375959396362e-01
